-0.0030384063720703125
-0.00538539886474609375
-0.00607526302337646484375
-0.0074176788330078125
-0.007906436920166015625
-0.00719547271728515625
-0.007305145263671875
-0.00581073760986328125
-0.0054528713226318359375
-0.0043032169342041015625
-0.003434658050537109375
-0.0027313232421875
+0.0000436305999755859375
+0.0020420551300048828125
+0.00555860996246337890625
+0.00763070583343505859375
+0.00941956043243408203125
+0.01096379756927490234375
+0.011197566986083984375
+0.01304340362548828125
+0.013990879058837890625
+0.0165708065032958984375
+0.01861345767974853515625
+0.0201594829559326171875
+0.02227914333343505859375
+0.022362232208251953125
+0.0234944820404052734375
+0.022853374481201171875
+0.0222666263580322265625
+0.0219423770904541015625
+0.021354198455810546875
+0.02198231220245361328125
+0.0221469402313232421875
+0.022742748260498046875
+0.02395927906036376953125
+0.02338469028472900390625
+0.02409780025482177734375
+0.0211818218231201171875
+0.0200786590576171875
+0.01665794849395751953125
+0.01503360271453857421875
+0.01231420040130615234375
+0.011879444122314453125
+0.00975525379180908203125
+0.0107429027557373046875
+0.00249254703521728515625
+0.0199210643768310546875
+0.1367843151092529296875
+0.0125076770782470703125
-0.0036861896514892578125
-0.0006721019744873046875
-0.00346696376800537109375
-0.00293982028961181640625
-0.00363767147064208984375
-0.00442039966583251953125
-0.004051685333251953125
-0.00480282306671142578125
-0.00429713726043701171875
-0.004698276519775390625
-0.0050718784332275390625
-0.0041134357452392578125
-0.00418794155120849609375
-0.0029332637786865234375
-0.0029947757720947265625
-0.00249016284942626953125
-0.00161254405975341796875
-0.00113022327423095703125
+0.00137317180633544921875
+0.00263226032257080078125
+0.0059325695037841796875
+0.007685184478759765625
+0.0097153186798095703125
+0.0104134082794189453125
+0.0106213092803955078125
+0.01126015186309814453125
+0.01229751110076904296875
+0.01248562335968017578125
+0.01405227184295654296875
+0.012727260589599609375
+0.01524889469146728515625
+0.01220607757568359375
+0.0118196010589599609375
-0.037083148956298828125
-0.2149097919464111328125
-0.56357228755950927734375
-0.72865164279937744140625
-0.7111475467681884765625
-0.7271420955657958984375
-0.3669245243072509765625
+0.41284668445587158203125
+0.7093279361724853515625
+0.69649541378021240234375
+0.71015346050262451171875
+0.69847810268402099609375
+0.71313250064849853515625
+0.631631374359130859375
+0.01867902278900146484375
-0.6246302127838134765625
-0.71719372272491455078125
-0.7268240451812744140625
-0.71410238742828369140625
-0.728921413421630859375
-0.71301352977752685546875
-0.665089130401611328125
+0.05051314830780029296875
+0.6764223575592041015625
+0.6955535411834716796875
+0.7086887359619140625
+0.70427334308624267578125
+0.6988079547882080078125
+0.7152240276336669921875
+0.26131975650787353515625
-0.58659231662750244140625
-0.71052300930023193359375
-0.73269593715667724609375
-0.70776617527008056640625
-0.735285282135009765625
-0.70553815364837646484375
-0.681674957275390625
+0.03092968463897705078125
+0.66694271564483642578125
+0.702724933624267578125
+0.7008609771728515625
+0.712965488433837890625
+0.691395282745361328125
+0.692064762115478515625
-0.0688169002532958984375
-0.71234786510467529296875
-0.7075130939483642578125
-0.72597217559814453125
-0.7223312854766845703125
-0.7109868526458740234375
-0.73542606830596923828125
-0.25386333465576171875
+0.6014120578765869140625
+0.7018864154815673828125
+0.70400822162628173828125
+0.70990383625030517578125
+0.691158294677734375
+0.73531234264373779296875
+0.35992753505706787109375
-0.5675284862518310546875
-0.721550464630126953125
-0.7186267375946044921875
-0.72525823116302490234375
-0.71083271503448486328125
-0.740070819854736328125
-0.4051077365875244140625
+0.4938805103302001953125
+0.7181785106658935546875
+0.69129526615142822265625
+0.719659328460693359375
+0.68450629711151123046875
+0.72182571887969970703125
+0.09748852252960205078125
-0.669254302978515625
-0.7122638225555419921875
-0.72393286228179931640625
-0.72162330150604248046875
-0.71575200557708740234375
-0.687644481658935546875
-0.03398168087005615234375
+0.67501103878021240234375
+0.68979895114898681640625
+0.7140033245086669921875
+0.70147216320037841796875
+0.5895941257476806640625
+0.12302148342132568359375
-0.54466521739959716796875
-0.73895263671875
-0.706378936767578125
-0.7320821285247802734375
-0.70397984981536865234375
-0.489776611328125
+0.24042427539825439453125
+0.69519329071044921875
+0.69903647899627685546875
+0.7057209014892578125
+0.71029722690582275390625
+0.50912415981292724609375
-0.13260090351104736328125
-0.6646726131439208984375
-0.720672130584716796875
-0.7212011814117431640625
-0.71798670291900634765625
-0.71708774566650390625
-0.356440067291259765625
+0.46866095066070556640625
+0.70983123779296875
+0.7030303478240966796875
+0.70148432254791259765625
+0.71661889553070068359375
+0.44557774066925048828125
-0.3900468349456787109375
-0.73140776157379150390625
-0.70743453502655029296875
-0.73088276386260986328125
-0.71089398860931396484375
-0.67344129085540771484375
-0.02387487888336181640625
+0.65939843654632568359375
+0.6961231231689453125
+0.71035039424896240234375
+0.706019878387451171875
+0.56737959384918212890625
-0.14768302440643310546875
-0.69504964351654052734375
-0.7120172977447509765625
-0.72661983966827392578125
-0.7154901027679443359375
-0.6607716083526611328125
-0.07362520694732666015625
+0.6246488094329833984375
+0.70243108272552490234375
+0.706908702850341796875
+0.70383846759796142578125
+0.46753978729248046875
-0.23298823833465576171875
-0.707903385162353515625
-0.7106425762176513671875
-0.72796547412872314453125
-0.70009148120880126953125
-0.4369499683380126953125
+0.22782957553863525390625
+0.68929290771484375
+0.6961352825164794921875
+0.7160117626190185546875
+0.63963282108306884765625
+0.1338465213775634765625
-0.5483186244964599609375
-0.72962343692779541015625
-0.71113693714141845703125
-0.7307298183441162109375
-0.58006381988525390625
-0.0463292598724365234375
+0.5743596553802490234375
+0.71239411830902099609375
+0.70028626918792724609375
+0.70046699047088623046875
+0.33437001705169677734375
-0.3426344394683837890625
-0.7151830196380615234375
-0.7100517749786376953125
-0.7315752506256103515625
-0.64351594448089599609375
-0.14273703098297119140625
+0.4995591640472412109375
+0.71281337738037109375
+0.69525039196014404296875
+0.71952903270721435546875
+0.4253985881805419921875
-0.337186336517333984375
-0.7132265567779541015625
-0.71371138095855712890625
-0.72593963146209716796875
-0.66518938541412353515625
-0.1342251300811767578125
+0.54400932788848876953125
+0.71048831939697265625
+0.6984691619873046875
+0.714504718780517578125
+0.3647632598876953125
-0.43371403217315673828125
-0.72114932537078857421875
-0.71518003940582275390625
-0.72577571868896484375
-0.61876928806304931640625
+0.0271799564361572265625
+0.6269438266754150390625
+0.70812118053436279296875
+0.70219695568084716796875
+0.6843702793121337890625
+0.11818397045135498046875
-0.60997486114501953125
-0.7185809612274169921875
-0.71916675567626953125
-0.7210848331451416015625
-0.43148326873779296875
+0.3424091339111328125
+0.70278847217559814453125
+0.69685852527618408203125
+0.71862328052520751953125
+0.47040259838104248046875
-0.31855475902557373046875
-0.71641790866851806640625
-0.71128380298614501953125
-0.72972333431243896484375
-0.582309246063232421875
+0.09447753429412841796875
+0.6506607532501220703125
+0.70308601856231689453125
+0.71213567256927490234375
+0.59276866912841796875
-0.15278339385986328125
-0.6951692104339599609375
-0.7119677066802978515625
-0.72796571254730224609375
-0.6155445575714111328125
+0.0692236423492431640625
+0.654183864593505859375
+0.70201694965362548828125
+0.7106201648712158203125
+0.62238681316375732421875
-0.10316598415374755859375
-0.69252312183380126953125
-0.70956528186798095703125
-0.7300512790679931640625
-0.61447608470916748046875
+0.0702784061431884765625
+0.657001972198486328125
+0.6999356746673583984375
+0.71363651752471923828125
+0.60135638713836669921875
-0.18262708187103271484375
-0.71595585346221923828125
-0.70383441448211669921875
-0.7359564304351806640625
-0.56825459003448486328125
+0.190583705902099609375
+0.69877994060516357421875
+0.68903064727783203125
+0.72641551494598388671875
+0.52002966403961181640625
-0.327296733856201171875
-0.73337471485137939453125
-0.70355618000030517578125
-0.73045599460601806640625
-0.7102711200714111328125
-0.72597992420196533203125
-0.71262681484222412109375
-0.71160924434661865234375
-0.553287506103515625
-0.47031605243682861328125
-0.55015647411346435546875
-0.55310022830963134765625
-0.39955461025238037109375
-0.24085986614227294921875
-0.07918822765350341796875
+0.15056312084197998046875
+0.53022754192352294921875
+0.71175324916839599609375
+0.70168292522430419921875
+0.71131837368011474609375
+0.704053401947021484375
+0.7093143463134765625
+0.70433723926544189453125
+0.70827019214630126953125
+0.7040407657623291015625
+0.70767343044281005859375
+0.70337498188018798828125
+0.70744431018829345703125
+0.70215928554534912109375
+0.70819437503814697265625
+0.6988270282745361328125
+0.71552145481109619140625
+0.61733639240264892578125
+0.21642744541168212890625
+0.04754602909088134765625
+0.0291731357574462890625
+0.0887339115142822265625
+0.1620943546295166015625
+0.177929401397705078125
+0.1054089069366455078125
-0.06021225452423095703125
-0.279449939727783203125
-0.530962467193603515625
-0.706039905548095703125
-0.71999835968017578125
-0.7221004962921142578125
-0.719804286956787109375
-0.7212040424346923828125
-0.71935856342315673828125
-0.7204678058624267578125
-0.7188546657562255859375
-0.71983230113983154296875
-0.71826350688934326171875
-0.71932184696197509765625
-0.7176189422607421875
-0.7189483642578125
-0.7167513370513916015625
-0.7191154956817626953125
-0.71291863918304443359375
-0.66935265064239501953125
-0.54769814014434814453125
-0.440597057342529296875
-0.4393522739410400390625
-0.4514110088348388671875
-0.4155895709991455078125
-0.310047626495361328125
-0.1720521450042724609375
-0.02414226531982421875
+0.1423919200897216796875
+0.32513391971588134765625
+0.475843906402587890625
+0.54928302764892578125
+0.553926944732666015625
+0.55258619785308837890625
+0.582653045654296875
+0.6211769580841064453125
+0.61226570606231689453125
+0.569475650787353515625
+0.552617549896240234375
+0.564110279083251953125
+0.545414447784423828125
+0.4549901485443115234375
+0.32390391826629638671875
+0.22048771381378173828125
+0.1921064853668212890625
+0.22503316402435302734375
+0.257709026336669921875
+0.27208507061004638671875
+0.2927494049072265625
+0.3048570156097412109375
+0.24119460582733154296875
+0.07412135601043701171875
-0.12995564937591552734375
-0.28219377994537353515625
-0.3417079448699951171875
-0.34418141841888427734375
-0.33377444744110107421875
-0.2944915294647216796875
-0.20489597320556640625
-0.10039412975311279296875
-0.056126117706298828125
-0.0837306976318359375
-0.11809313297271728515625
-0.11706936359405517578125
-0.10580289363861083984375
-0.13062441349029541015625
-0.17963683605194091796875
-0.2016203403472900390625
-0.1746842861175537109375
-0.13718128204345703125
-0.1429641246795654296875
-0.1765873432159423828125
-0.18602073192596435546875
-0.15349781513214111328125
-0.10682809352874755859375
-0.0624210834503173828125
-0.00138604640960693359375
+0.07399880886077880859375
+0.132950305938720703125
+0.1500873565673828125
+0.13291656970977783203125
+0.101372241973876953125
+0.053062915802001953125
-0.0082962512969970703125
-0.05922877788543701171875
-0.06812179088592529296875
-0.030712127685546875
+0.0270512104034423828125
+0.09435570240020751953125
+0.16433012485504150390625
+0.22107696533203125
+0.24802720546722412109375
+0.2417201995849609375
+0.20881807804107666015625
+0.15253770351409912109375
+0.08743798732757568359375
+0.0286295413970947265625
-0.0117223262786865234375
-0.0272099971771240234375
-0.01280915737152099609375
+0.04174053668975830078125
+0.12423884868621826171875
+0.19853484630584716796875
+0.2258222103118896484375
+0.1999986171722412109375
+0.14470899105072021484375
+0.071368694305419921875
-0.01762807369232177734375
-0.11657488346099853515625
-0.1921455860137939453125
-0.20972430706024169921875
-0.17061245441436767578125
-0.09499537944793701171875
-0.00451815128326416015625
+0.08694171905517578125
+0.14483487606048583984375
+0.13100111484527587890625
+0.048236846923828125
-0.06751072406768798828125
-0.1736361980438232421875
-0.2576415538787841796875
-0.3090999126434326171875
-0.3032348155975341796875
-0.231065273284912109375
-0.11640834808349609375
-0.00262916088104248046875
+0.089313030242919921875
+0.140176296234130859375
+0.1275823116302490234375
+0.0617196559906005859375
-0.02000772953033447265625
-0.0861957073211669921875
-0.13820302486419677734375
-0.16209471225738525390625
-0.1324710845947265625
-0.0641195774078369140625
+0.00763797760009765625
+0.06507050991058349609375
+0.1123955249786376953125
+0.13055479526519775390625
+0.10230433940887451171875
+0.0600006580352783203125
+0.0386502742767333984375
+0.0311372280120849609375
+0.00838053226470947265625
-0.01282978057861328125
-0.00305688381195068359375
+0.02043163776397705078125
+0.03731167316436767578125
+0.05379068851470947265625
+0.07489430904388427734375
+0.0750000476837158203125
+0.041728496551513671875
+0.00127708911895751953125
-0.037555694580078125
-0.08731210231781005859375
-0.14119541645050048828125
-0.1637980937957763671875
-0.1433765888214111328125
-0.1030628681182861328125
-0.05022060871124267578125
+0.00775706768035888671875
+0.04538691043853759765625
+0.03515779972076416015625
-0.0187380313873291015625
-0.08891594409942626953125
-0.16904079914093017578125
-0.24482786655426025390625
-0.28728282451629638671875
-0.2768476009368896484375
-0.2192833423614501953125
-0.1315691471099853515625
-0.032933712005615234375
+0.032840728759765625
+0.034572124481201171875
-0.01361238956451416015625
-0.07932865619659423828125
-0.14189088344573974609375
-0.1887528896331787109375
-0.19529330730438232421875
-0.1559402942657470703125
-0.08704459667205810546875
-0.0096428394317626953125
+0.04414951801300048828125
+0.051008701324462890625
+0.01861894130706787109375
-0.02022707462310791015625
-0.0600507259368896484375
-0.103619098663330078125
-0.1102254390716552734375
-0.05393564701080322265625
+0.03684103488922119140625
+0.1147038936614990234375
+0.1575260162353515625
+0.14835369586944580078125
+0.07781970500946044921875
-0.01335680484771728515625
-0.09083616733551025390625
-0.15859735012054443359375
-0.1985166072845458984375
-0.16066253185272216796875
-0.0459563732147216796875
+0.072292327880859375
+0.14774286746978759765625
+0.1737232208251953125
+0.14347565174102783203125
+0.059277057647705078125
-0.0565636157989501953125
-0.17502701282501220703125
-0.267546176910400390625
-0.28678262233734130859375
-0.21724689006805419921875
-0.10486590862274169921875
+0.00169980525970458984375
+0.07487738132476806640625
+0.0969998836517333984375
+0.0548069477081298828125
-0.0394055843353271484375
-0.15542495250701904296875
-0.25656878948211669921875
-0.29210770130157470703125
-0.24636733531951904296875
-0.14539921283721923828125
-0.0269381999969482421875
+0.0679256916046142578125
+0.10418379306793212890625
+0.07066440582275390625
-0.009731769561767578125
-0.1209795475006103515625
-0.233905315399169921875
-0.285650730133056640625
-0.24525320529937744140625
-0.13565480709075927734375
-0.002643585205078125
+0.11372840404510498046875
+0.17383778095245361328125
+0.15602529048919677734375
+0.07169997692108154296875
-0.063587188720703125
-0.20409870147705078125
-0.28597736358642578125
-0.28111994266510009765625
-0.21550810337066650390625
-0.12697207927703857421875
-0.03065240383148193359375
+0.04796826839447021484375
+0.089515209197998046875
+0.09015500545501708984375
+0.04318583011627197265625
-0.040192127227783203125
-0.1262981891632080078125
-0.17531907558441162109375
-0.18174302577972412109375
-0.1584682464599609375
-0.11029326915740966796875
-0.05046749114990234375
+0.0040657520294189453125
+0.032745361328125
+0.0281131267547607421875
-0.00252783298492431640625
-0.04418599605560302734375
-0.075109004974365234375
-0.0885331630706787109375
-0.08244311809539794921875
-0.0607242584228515625
-0.028736591339111328125
+0.0053842067718505859375
+0.0247128009796142578125
+0.02232921123504638671875
-0.0049455165863037109375
-0.046886444091796875
-0.0856044292449951171875
-0.1098554134368896484375
-0.1117928028106689453125
-0.09236347675323486328125
-0.05012571811676025390625
+0.00292551517486572265625
+0.04166376590728759765625
+0.0476634502410888671875
+0.01542937755584716796875
-0.04050338268280029296875
-0.1061637401580810546875
-0.16352069377899169921875
-0.1898059844970703125
-0.1729934215545654296875
-0.1197068691253662109375
-0.05910170078277587890625
-0.01086151599884033203125
+0.0131847858428955078125
+0.00655376911163330078125
-0.02200400829315185546875
-0.060267925262451171875
-0.09379160404205322265625
-0.11739194393157958984375
-0.12273252010345458984375
-0.10613834857940673828125
-0.07718908786773681640625
-0.04491174221038818359375
-0.020449161529541015625
-0.0080311298370361328125
-0.012458324432373046875
-0.03627073764801025390625
-0.06957781314849853515625
-0.10107386112213134765625
-0.1143205165863037109375
-0.10511016845703125
-0.0769755840301513671875
-0.0404894351959228515625
-0.0121772289276123046875
+0.004622936248779296875
+0.006585597991943359375
-0.006010532379150390625
-0.03280651569366455078125
-0.06626415252685546875
-0.09196412563323974609375
-0.1060798168182373046875
-0.10609757900238037109375
-0.09637415409088134765625
-0.08258569240570068359375
-0.06655132770538330078125
-0.0548858642578125
-0.0539703369140625
-0.0733916759490966796875
-0.1041724681854248046875
-0.13054263591766357421875
-0.13994753360748291015625
-0.1247386932373046875
-0.09576737880706787109375
-0.06504333019256591796875
-0.041507244110107421875
-0.0274603366851806640625
-0.0288612842559814453125
-0.054668426513671875
-0.0919711589813232421875
-0.123271465301513671875
-0.13593006134033203125
-0.12991428375244140625
-0.1121451854705810546875
-0.08404600620269775390625
-0.05394804477691650390625
-0.0277502536773681640625
-0.0171577930450439453125
-0.0256559848785400390625
-0.04434573650360107421875
-0.06555354595184326171875
-0.08247411251068115234375
-0.09610354900360107421875
-0.09941089153289794921875
-0.08943831920623779296875
-0.07555472850799560546875
-0.06419217586517333984375
-0.059320926666259765625
-0.05737626552581787109375
-0.0595836639404296875
-0.0642263889312744140625
-0.06296193599700927734375
-0.05392801761627197265625
-0.03878772258758544921875
-0.0282418727874755859375
-0.02336227893829345703125
-0.0225250720977783203125
-0.031698703765869140625
-0.053539276123046875
-0.08495080471038818359375
-0.10790765285491943359375
-0.11244046688079833984375
-0.09929692745208740234375
-0.07401525974273681640625
-0.0465328693389892578125
-0.01985228061676025390625
-0.0019633769989013671875
+0.0009090900421142578125
-0.0169646739959716796875
-0.050464153289794921875
-0.07956206798553466796875
-0.09366953372955322265625
-0.09217035770416259765625
-0.0824096202850341796875
-0.06646645069122314453125
-0.049419879913330078125
-0.04539000988006591796875
-0.05338919162750244140625
-0.06526434421539306640625
-0.070843219757080078125
-0.07136380672454833984375
-0.06944954395294189453125
-0.0585291385650634765625
-0.04136598110198974609375
-0.02333176136016845703125
-0.01674211025238037109375
-0.02627933025360107421875
-0.04508650302886962890625
-0.06618869304656982421875
-0.08242356777191162109375
-0.09741008281707763671875
-0.10597789287567138671875
-0.10112178325653076171875
-0.0879456996917724609375
-0.07278597354888916015625
-0.0603873729705810546875
-0.045374393463134765625
-0.03498184680938720703125
-0.03785574436187744140625
-0.04878246784210205078125
-0.05824363231658935546875
-0.05950081348419189453125
-0.06143486499786376953125
-0.06682884693145751953125
-0.07176411151885986328125
-0.07224357128143310546875
-0.0661251544952392578125
-0.06247651576995849609375
-0.0617215633392333984375
-0.06194984912872314453125
-0.0626227855682373046875
-0.06247055530548095703125
-0.059741497039794921875
-0.04873645305633544921875
-0.03551542758941650390625
-0.0237052440643310546875
-0.01629650592803955078125
-0.020124912261962890625
-0.03507244586944580078125
-0.05657660961151123046875
-0.0734941959381103515625
-0.08285605907440185546875
-0.08289349079132080078125
-0.06784403324127197265625
-0.04443705081939697265625
-0.02403247356414794921875
-0.0190598964691162109375
-0.02690875530242919921875
-0.0389740467071533203125
-0.05369079113006591796875
-0.06942617893218994140625
-0.08647835254669189453125
-0.09151971340179443359375
-0.0781536102294921875
-0.0562813282012939453125
-0.04066979885101318359375
-0.0405023097991943359375
-0.04900658130645751953125
-0.063620090484619140625
-0.082848072052001953125
-0.10533058643341064453125
-0.124836444854736328125
-0.1260044574737548828125
-0.105194568634033203125
-0.07112884521484375
-0.04300010204315185546875
-0.0293295383453369140625
-0.02384936809539794921875
-0.028256893157958984375
-0.0464823246002197265625
-0.0810601711273193359375
-0.1157200336456298828125
-0.13115704059600830078125
-0.1240367889404296875
-0.1002171039581298828125
-0.07289969921112060546875
-0.0418589115142822265625
-0.00716698169708251953125
+0.02082812786102294921875
+0.02861964702606201171875
+0.0076711177825927734375
-0.028770923614501953125
-0.06727921962738037109375
-0.098358631134033203125
-0.11616742610931396484375
-0.11506557464599609375
-0.08770573139190673828125
-0.04319095611572265625
+0.0023262500762939453125
+0.02969586849212646484375
+0.03290069103240966796875
+0.020187854766845703125
-0.0066850185394287109375
-0.04284298419952392578125
-0.080324649810791015625
-0.10211384296417236328125
-0.0980932712554931640625
-0.07545459270477294921875
-0.04542362689971923828125
-0.02455365657806396484375
-0.01442897319793701171875
-0.013528347015380859375
-0.02431428432464599609375
-0.04501378536224365234375
-0.0676434040069580078125
-0.0753269195556640625
-0.06901824474334716796875
-0.056442737579345703125
-0.04169976711273193359375
-0.028941631317138671875
-0.02070152759552001953125
-0.0239696502685546875
-0.03496396541595458984375
-0.04935181140899658203125
-0.06548058986663818359375
-0.0789806842803955078125
-0.0877587795257568359375
-0.0846354961395263671875
-0.07313859462738037109375
-0.05811059474945068359375
-0.044020175933837890625
-0.036932468414306640625
-0.0344388484954833984375
-0.037628650665283203125
-0.0428583621978759765625
-0.04837429523468017578125
-0.05284512042999267578125
-0.050189495086669921875
-0.04369318485260009765625
-0.03654038906097412109375
-0.033588886260986328125
-0.03026640415191650390625
-0.02295649051666259765625
-0.021635532379150390625
-0.029606342315673828125
-0.04228413105010986328125
-0.04546296596527099609375
-0.03572714328765869140625
-0.023162364959716796875
-0.01505279541015625
-0.01513636112213134765625
-0.01635396480560302734375
-0.0185487270355224609375
-0.0239956378936767578125
-0.035198688507080078125
-0.0497071743011474609375
-0.05502474308013916015625
-0.05135023593902587890625
-0.042699337005615234375
-0.0333240032196044921875
-0.02414882183074951171875
-0.01472568511962890625
-0.01509082317352294921875
-0.02690565586090087890625
-0.04966628551483154296875
-0.0754759311676025390625
-0.09256851673126220703125
-0.0961287021636962890625
-0.0854041576385498046875
-0.06915271282196044921875
-0.04811000823974609375
-0.024409770965576171875
-0.0083663463592529296875
-0.005254268646240234375
-0.01657962799072265625
-0.0358846187591552734375
-0.0596158504486083984375
-0.080209255218505859375
-0.09008276462554931640625
-0.08913242816925048828125
-0.07496845722198486328125
-0.05327260494232177734375
-0.029635906219482421875
-0.009280681610107421875
+0.00175762176513671875
+0.00025427341461181640625
-0.01688516139984130859375
-0.03868043422698974609375
-0.057692050933837890625
-0.06970107555389404296875
-0.07089900970458984375
-0.0630319118499755859375
-0.044854640960693359375
-0.023077487945556640625
-0.001219272613525390625
+0.0109500885009765625
+0.00548136234283447265625
-0.00944530963897705078125
-0.02575719356536865234375
-0.03944647312164306640625
-0.05540668964385986328125
-0.0711557865142822265625
-0.075846195220947265625
-0.066453456878662109375
-0.0464727878570556640625
-0.03033840656280517578125
-0.02254235744476318359375
-0.018707275390625
-0.01573240756988525390625
-0.01276683807373046875
-0.01691913604736328125
-0.0240838527679443359375
-0.03037357330322265625
-0.032069683074951171875
-0.0300705432891845703125
-0.03154170513153076171875
-0.03349781036376953125
-0.0335061550140380859375
-0.028073787689208984375
-0.0239074230194091796875
-0.0297091007232666015625
-0.0396277904510498046875
-0.04754722118377685546875
-0.04639375209808349609375
-0.04038143157958984375
-0.03492677211761474609375
-0.02919661998748779296875
-0.02389299869537353515625
-0.0180127620697021484375
-0.01870381832122802734375
-0.02755641937255859375
-0.04113161563873291015625
-0.0551183223724365234375
-0.0634529590606689453125
-0.06907951831817626953125
-0.0696785449981689453125
-0.06460893154144287109375
-0.05323660373687744140625
-0.0383780002593994140625
-0.02814543247222900390625
-0.02155196666717529296875
-0.0215702056884765625
-0.02861154079437255859375
-0.04177176952362060546875
-0.0580422878265380859375
-0.06845366954803466796875
-0.0728561878204345703125
-0.0697762966156005859375
-0.0657289028167724609375
-0.064001560211181640625
-0.059468746185302734375
-0.04963791370391845703125
-0.03648269176483154296875
-0.0309131145477294921875
-0.02993679046630859375
-0.024492740631103515625
-0.01648151874542236328125
-0.013472080230712890625
-0.02270519733428955078125
-0.03363978862762451171875
-0.0371029376983642578125
-0.03227412700653076171875
-0.02227127552032470703125
