-0.06178390979766845703125
-0.06828343868255615234375
-0.07169401645660400390625
-0.075450897216796875
-0.07791650295257568359375
-0.07813704013824462890625
-0.07958853244781494140625
-0.0777251720428466796875
-0.0781939029693603515625
-0.0760822296142578125
-0.07299292087554931640625
-0.07077777385711669921875
-0.06596267223358154296875
-0.06337845325469970703125
-0.0582866668701171875
-0.0546228885650634765625
-0.05102062225341796875
-0.04573285579681396484375
-0.0433409214019775390625
-0.0378010272979736328125
-0.0342776775360107421875
-0.029238224029541015625
-0.02471625804901123046875
-0.0220868587493896484375
-0.01719295978546142578125
-0.0153217315673828125
-0.011491298675537109375
-0.00899088382720947265625
-0.0071337223052978515625
-0.004177093505859375
-0.0049264430999755859375
-0.00303804874420166015625
-0.00375974178314208984375
-0.002928256988525390625
-0.00292789936065673828125
-0.00448048114776611328125
-0.00478208065032958984375
-0.00745475292205810546875
-0.0088636875152587890625
-0.01077139377593994140625
-0.014046192169189453125
-0.0144546031951904296875
-0.019698619842529296875
-0.018898487091064453125
-0.02500879764556884765625
-0.0186288356781005859375
-0.04488098621368408203125
-0.4638693332672119140625
-0.04584324359893798828125
-0.01728427410125732421875
-0.02422368526458740234375
-0.020337581634521484375
-0.02224433422088623046875
-0.01960527896881103515625
-0.0210030078887939453125
-0.01721286773681640625
-0.01841151714324951171875
-0.01544475555419921875
-0.0154902935028076171875
-0.01445376873016357421875
-0.0128939151763916015625
-0.01289260387420654296875
-0.01058804988861083984375
-0.0108277797698974609375
-0.0098702907562255859375
-0.0086600780487060546875
-0.008918285369873046875
-0.0067179203033447265625
-0.006777286529541015625
-0.00465297698974609375
-0.00378453731536865234375
-0.00421845912933349609375
-0.00216901302337646484375
-0.003844738006591796875
-0.00096046924591064453125
-0.002551555633544921875
-0.000491619110107421875
-0.00091063976287841796875
+0.00070655345916748046875
+0.00004184246063232421875
+0.00170218944549560546875
-0.0010368824005126953125
+0.00284469127655029296875
-0.024466991424560546875
-0.1489508152008056640625
-0.4837443828582763671875
-0.694271564483642578125
-0.68204319477081298828125
-0.70332467555999755859375
-0.38460743427276611328125
+0.44352924823760986328125
+0.7350008487701416015625
+0.72634232044219970703125
+0.7314336299896240234375
+0.7275607585906982421875
+0.53741061687469482421875
+0.43340206146240234375
+0.45059525966644287109375
+0.279706478118896484375
-0.17118275165557861328125
-0.6456544399261474609375
-0.68523204326629638671875
-0.70051085948944091796875
-0.68380558490753173828125
-0.68959510326385498046875
-0.3449413776397705078125
+0.21437752246856689453125
+0.57951831817626953125
+0.71848762035369873046875
+0.73358309268951416015625
+0.72371232509613037109375
+0.74294281005859375
+0.50995647907257080078125
-0.0793883800506591796875
-0.58828961849212646484375
-0.699026584625244140625
-0.68868386745452880859375
-0.6942369937896728515625
-0.69423925876617431640625
-0.62851345539093017578125
-0.17662942409515380859375
+0.3509924411773681640625
+0.63498294353485107421875
+0.7323677539825439453125
+0.7215137481689453125
+0.7431137561798095703125
+0.52020466327667236328125
+0.019800662994384765625
-0.48407089710235595703125
-0.69638335704803466796875
-0.6856057643890380859375
-0.6971282958984375
-0.69025719165802001953125
-0.65445864200592041015625
-0.1737711429595947265625
+0.51666724681854248046875
+0.732738018035888671875
+0.72702920436859130859375
+0.73014962673187255859375
+0.73695695400238037109375
+0.6446282863616943359375
+0.0668201446533203125
-0.50899612903594970703125
-0.701435565948486328125
-0.68156492710113525390625
-0.70315396785736083984375
-0.681275844573974609375
-0.67406022548675537109375
-0.10239803791046142578125
+0.62464153766632080078125
+0.7307550907135009765625
+0.7289841175079345703125
+0.7311580181121826171875
+0.7332189083099365234375
+0.6322066783905029296875
-0.13501155376434326171875
-0.67072093486785888671875
-0.6870534420013427734375
-0.693759918212890625
-0.69443523883819580078125
-0.68886363506317138671875
-0.63844025135040283203125
+0.0999505519866943359375
+0.72444093227386474609375
+0.71087825298309326171875
+0.74185788631439208984375
+0.65875875949859619140625
+0.68994891643524169921875
+0.35303843021392822265625
-0.44039690494537353515625
-0.70964133739471435546875
-0.6781749725341796875
-0.70505487918853759765625
-0.6787011623382568359375
-0.708368778228759765625
-0.35459220409393310546875
+0.5057964324951171875
+0.73885405063629150390625
+0.72545921802520751953125
+0.714977264404296875
+0.6471159458160400390625
+0.5182473659515380859375
-0.14855086803436279296875
-0.675484180450439453125
-0.68174040317535400390625
-0.7010295391082763671875
-0.6854107379913330078125
-0.670909404754638671875
-0.2149536609649658203125
+0.531301975250244140625
+0.73950397968292236328125
+0.7206304073333740234375
+0.74141824245452880859375
+0.679196834564208984375
+0.3755266666412353515625
-0.193374156951904296875
-0.65219783782958984375
-0.68903052806854248046875
-0.694756031036376953125
-0.6883347034454345703125
-0.46414792537689208984375
+0.1872043609619140625
+0.6649558544158935546875
+0.73934841156005859375
+0.6508104801177978515625
+0.51537287235260009765625
+0.39013493061065673828125
+0.0030975341796875
-0.48170602321624755859375
-0.6924860477447509765625
-0.65013110637664794921875
-0.5445621013641357421875
-0.381662845611572265625
-0.013784885406494140625
+0.40257537364959716796875
+0.50083696842193603515625
+0.322376728057861328125
+0.1588287353515625
+0.04155004024505615234375
-0.20216405391693115234375
-0.45584189891815185546875
-0.45546245574951171875
-0.27132880687713623046875
-0.14134418964385986328125
-0.0079975128173828125
+0.25684392452239990234375
+0.43071782588958740234375
+0.27130329608917236328125
-0.01797616481781005859375
-0.1468298435211181640625
-0.2236645221710205078125
-0.42917215824127197265625
-0.5127561092376708984375
-0.21788704395294189453125
+0.180210113525390625
+0.368707180023193359375
+0.46707856655120849609375
+0.56958615779876708984375
+0.44367969036102294921875
+0.0395896434783935546875
-0.310290813446044921875
-0.451470851898193359375
-0.56864488124847412109375
-0.633342742919921875
-0.35095345973968505859375
+0.1746757030487060546875
+0.51500737667083740234375
+0.65003740787506103515625
+0.73534882068634033203125
+0.61429488658905029296875
+0.096697330474853515625
-0.461243152618408203125
-0.68318974971771240234375
-0.68682682514190673828125
-0.70317709445953369140625
-0.541186809539794921875
+0.08638274669647216796875
+0.55873095989227294921875
+0.70067131519317626953125
+0.73577702045440673828125
+0.6597197055816650390625
+0.08747959136962890625
-0.56513202190399169921875
-0.6944103240966796875
-0.689333438873291015625
-0.6998131275177001953125
-0.55580341815948486328125
+0.14853370189666748046875
+0.675263881683349609375
+0.7252566814422607421875
+0.73792350292205810546875
+0.55987226963043212890625
-0.08233439922332763671875
-0.6388885974884033203125
-0.688596248626708984375
-0.69540178775787353515625
-0.67295932769775390625
-0.29051792621612548828125
+0.45785129070281982421875
+0.72237122058868408203125
+0.7383124828338623046875
+0.63780939579010009765625
+0.1813910007476806640625
-0.46561253070831298828125
-0.700875759124755859375
-0.68415963649749755859375
-0.68784534931182861328125
-0.35170161724090576171875
+0.37002408504486083984375
+0.723482608795166015625
+0.72803580760955810546875
+0.7007343769073486328125
+0.29511678218841552734375
-0.38383185863494873046875
-0.6995513439178466796875
-0.67975294589996337890625
-0.702220439910888671875
-0.432977199554443359375
+0.30945146083831787109375
+0.7264611721038818359375
+0.71959400177001953125
+0.7226579189300537109375
+0.29285514354705810546875
-0.43157565593719482421875
-0.7044980525970458984375
-0.67720794677734375
-0.70907461643218994140625
-0.43210279941558837890625
+0.37064349651336669921875
+0.7427399158477783203125
+0.71174085140228271484375
+0.7357637882232666015625
+0.2532494068145751953125
-0.510952472686767578125
-0.70655548572540283203125
-0.6763174533843994140625
-0.70418179035186767578125
-0.2620484828948974609375
+0.55518019199371337890625
+0.73786675930023193359375
+0.72579443454742431640625
+0.669739246368408203125
-0.02179050445556640625
-0.656414508819580078125
-0.68313562870025634765625
-0.6981785297393798828125
-0.6724395751953125
-0.33622992038726806640625
+0.137145519256591796875
-0.03782975673675537109375
-0.59409868717193603515625
-0.69480884075164794921875
-0.6894376277923583984375
-0.689368724822998046875
-0.697597980499267578125
-0.56825625896453857421875
-0.0134518146514892578125
+0.385824680328369140625
+0.48960483074188232421875
+0.49263226985931396484375
+0.51208150386810302734375
+0.51659762859344482421875
+0.48487031459808349609375
+0.5081961154937744140625
+0.6631519794464111328125
+0.7340929508209228515625
+0.72763192653656005859375
+0.7325179576873779296875
+0.7283494472503662109375
+0.7313988208770751953125
+0.7280178070068359375
+0.73077785968780517578125
+0.72738397121429443359375
+0.7304222583770751953125
+0.72651493549346923828125
+0.73031723499298095703125
+0.7253077030181884765625
+0.730688571929931640625
+0.723357677459716796875
+0.73241710662841796875
+0.7184627056121826171875
+0.742679595947265625
+0.60699462890625
+0.2293665409088134765625
+0.122856616973876953125
+0.06409633159637451171875
+0.00395905971527099609375
-0.09851837158203125
-0.2037637233734130859375
-0.321430683135986328125
-0.48314273357391357421875
-0.65998089313507080078125
-0.69647514820098876953125
-0.69560348987579345703125
-0.69544112682342529296875
-0.695349216461181640625
-0.69480001926422119140625
-0.694698333740234375
-0.69433176517486572265625
-0.69404184818267822265625
-0.69391095638275146484375
-0.6933805942535400390625
-0.69349384307861328125
-0.6926822662353515625
-0.69316494464874267578125
-0.69190883636474609375
-0.69300925731658935546875
-0.69064295291900634765625
-0.66694676876068115234375
-0.5661790370941162109375
-0.40409624576568603515625
-0.30731403827667236328125
-0.25145041942596435546875
-0.1994073390960693359375
-0.13134479522705078125
-0.056457042694091796875
+0.04415810108184814453125
+0.168488025665283203125
+0.3026068210601806640625
+0.41399729251861572265625
+0.49852359294891357421875
+0.55832350254058837890625
+0.5895366668701171875
+0.5961964130401611328125
+0.5952301025390625
+0.61192882061004638671875
+0.66588306427001953125
+0.7195103168487548828125
+0.73000490665435791015625
+0.72863852977752685546875
+0.7235870361328125
+0.6077535152435302734375
+0.51642024517059326171875
+0.46190679073333740234375
+0.411547183990478515625
+0.38172280788421630859375
+0.35681474208831787109375
+0.33435213565826416015625
+0.2951471805572509765625
+0.22924172878265380859375
+0.14035165309906005859375
+0.03648698329925537109375
-0.07173645496368408203125
-0.17864143848419189453125
-0.27046811580657958984375
-0.32507765293121337890625
-0.3520848751068115234375
-0.36833822727203369140625
-0.3985240459442138671875
-0.44546234607696533203125
-0.50375163555145263671875
-0.5611360073089599609375
-0.59671247005462646484375
-0.61179029941558837890625
-0.60652816295623779296875
-0.584779262542724609375
-0.54900729656219482421875
-0.50367629528045654296875
-0.462154388427734375
-0.4168059825897216796875
-0.36672580242156982421875
-0.31080734729766845703125
-0.2508404254913330078125
-0.1860058307647705078125
-0.105025768280029296875
-0.01556670665740966796875
+0.0758883953094482421875
+0.15392029285430908203125
+0.21011817455291748046875
+0.2502963542938232421875
+0.2768056392669677734375
+0.3016250133514404296875
+0.32426273822784423828125
+0.35062301158905029296875
+0.38465976715087890625
+0.41855525970458984375
+0.44650757312774658203125
+0.45495879650115966796875
+0.448742389678955078125
+0.42975819110870361328125
+0.39781630039215087890625
+0.3594052791595458984375
+0.31734311580657958984375
+0.28462064266204833984375
+0.2586457729339599609375
+0.239185333251953125
+0.22317111492156982421875
+0.20218026638031005859375
+0.17836248874664306640625
+0.14462888240814208984375
+0.1046636104583740234375
+0.05730044841766357421875
+0.00377142429351806640625
-0.04634439945220947265625
-0.0910608768463134765625
-0.12129676342010498046875
-0.14197432994842529296875
-0.153910160064697265625
-0.15806519985198974609375
-0.15823066234588623046875
-0.1477468013763427734375
-0.13584864139556884765625
-0.12714922428131103515625
-0.12560939788818359375
-0.12510049343109130859375
-0.11424076557159423828125
-0.0983226299285888671875
-0.077769756317138671875
-0.06111896038055419921875
-0.04396879673004150390625
-0.02045428752899169921875
+0.00526142120361328125
+0.034478664398193359375
+0.0596568584442138671875
+0.0809409618377685546875
+0.09246838092803955078125
+0.10441458225250244140625
+0.13176214694976806640625
+0.169595241546630859375
+0.21563923358917236328125
+0.25064945220947265625
+0.26086986064910888671875
+0.2449066638946533203125
+0.21479403972625732421875
+0.19388759136199951171875
+0.18049526214599609375
+0.169180393218994140625
+0.15088164806365966796875
+0.13029968738555908203125
+0.1196806430816650390625
+0.1123182773590087890625
+0.108852386474609375
+0.10372030735015869140625
+0.09957659244537353515625
+0.09863293170928955078125
+0.09205996990203857421875
+0.0777304172515869140625
+0.04822266101837158203125
+0.0151069164276123046875
-0.01149761676788330078125
-0.0307166576385498046875
-0.04496467113494873046875
-0.06556797027587890625
-0.08268439769744873046875
-0.09166944026947021484375
-0.09135949611663818359375
-0.08643591403961181640625
-0.08220899105072021484375
-0.06599795818328857421875
-0.04142701625823974609375
-0.017566204071044921875
-0.0088098049163818359375
-0.0172498226165771484375
-0.03192424774169921875
-0.05120313167572021484375
-0.062013149261474609375
-0.06375896930694580078125
-0.05659687519073486328125
-0.03906381130218505859375
-0.01522147655487060546875
+0.015509128570556640625
+0.0433099269866943359375
+0.0712668895721435546875
+0.09759414196014404296875
+0.11223888397216796875
+0.1090946197509765625
+0.08612787723541259765625
+0.06185638904571533203125
+0.04148638248443603515625
+0.027584552764892578125
+0.01972675323486328125
+0.00875949859619140625
+0.00443398952484130859375
+0.01181972026824951171875
+0.03208577632904052734375
+0.05310499668121337890625
+0.06587970256805419921875
+0.07734203338623046875
+0.0837199687957763671875
+0.08356583118438720703125
+0.0679318904876708984375
+0.04192149639129638671875
+0.017174243927001953125
-0.00321197509765625
-0.01096093654632568359375
-0.013755321502685546875
-0.00896108150482177734375
+0.0038802623748779296875
+0.02109968662261962890625
+0.04281246662139892578125
+0.06262362003326416015625
+0.08308541774749755859375
+0.092484951019287109375
+0.0847568511962890625
+0.06830441951751708984375
+0.04778134822845458984375
+0.03338754177093505859375
+0.01822745800018310546875
+0.00109398365020751953125
-0.013195037841796875
-0.015882968902587890625
+0.00254571437835693359375
+0.02833807468414306640625
+0.0555160045623779296875
+0.0784308910369873046875
+0.0973052978515625
+0.1103541851043701171875
+0.1048195362091064453125
+0.08138740062713623046875
+0.0442378520965576171875
+0.012278079986572265625
-0.00726985931396484375
-0.0195968151092529296875
-0.02447926998138427734375
-0.02244818210601806640625
+0.000428676605224609375
+0.038600921630859375
+0.0770075321197509765625
+0.10253298282623291015625
+0.1069347858428955078125
+0.1035158634185791015625
+0.0904102325439453125
+0.06594026088714599609375
+0.02826726436614990234375
-0.0107672214508056640625
-0.02728569507598876953125
-0.024578571319580078125
-0.0069344043731689453125
+0.016986370086669921875
+0.04783809185028076171875
+0.08208179473876953125
+0.09967482089996337890625
+0.1029555797576904296875
+0.0961234569549560546875
+0.08454906940460205078125
+0.05925047397613525390625
+0.02014100551605224609375
-0.0090019702911376953125
-0.02385616302490234375
-0.02243244647979736328125
-0.00454485416412353515625
+0.03421056270599365234375
+0.0807917118072509765625
+0.10622227191925048828125
+0.115286350250244140625
+0.11530780792236328125
+0.103186130523681640625
+0.06655991077423095703125
+0.01879596710205078125
-0.0085575580596923828125
-0.0242569446563720703125
-0.03262126445770263671875
-0.0212447643280029296875
+0.0200023651123046875
+0.0688922405242919921875
+0.0962445735931396484375
+0.11590707302093505859375
+0.12815761566162109375
+0.11549603939056396484375
+0.07301127910614013671875
+0.0306861400604248046875
+0.01149189472198486328125
-0.005124568939208984375
-0.0141143798828125
+0.0070350170135498046875
+0.04942715167999267578125
+0.07810080051422119140625
+0.08368623256683349609375
+0.09568965435028076171875
+0.10195314884185791015625
+0.07694756984710693359375
+0.03570377826690673828125
+0.01409566402435302734375
+0.013852596282958984375
+0.0042130947113037109375
+0.000356197357177734375
+0.02095496654510498046875
+0.0460054874420166015625
+0.055705547332763671875
+0.05707299709320068359375
+0.06391239166259765625
+0.0515286922454833984375
+0.0219070911407470703125
+0.01096308231353759765625
+0.02290439605712890625
+0.0324165821075439453125
+0.028444766998291015625
+0.03783619403839111328125
+0.054004192352294921875
+0.05660617351531982421875
+0.054616451263427734375
+0.0518066883087158203125
+0.0410873889923095703125
+0.021860599517822265625
+0.0202805995941162109375
+0.03357708454132080078125
+0.036397457122802734375
+0.0447680950164794921875
+0.068572998046875
+0.08663403987884521484375
+0.07905232906341552734375
+0.0694019794464111328125
+0.0717227458953857421875
+0.05978572368621826171875
+0.04330170154571533203125
+0.0398914813995361328125
+0.043477535247802734375
+0.043062686920166015625
+0.0496037006378173828125
+0.069011688232421875
+0.07204020023345947265625
+0.06091153621673583984375
+0.05420625209808349609375
+0.0508482456207275390625
+0.04688465595245361328125
+0.04390776157379150390625
+0.04797637462615966796875
+0.04956018924713134765625
+0.0573670864105224609375
+0.0698921680450439453125
+0.065140247344970703125
+0.0475161075592041015625
+0.03035008907318115234375
+0.01977431774139404296875
+0.00659847259521484375
-0.0028746128082275390625
+0.0001037120819091796875
+0.00562679767608642578125
+0.02387344837188720703125
+0.0504524707794189453125
+0.0646479129791259765625
+0.057300567626953125
+0.04118478298187255859375
+0.02842962741851806640625
+0.00808441638946533203125
-0.00541818141937255859375
-0.00427734851837158203125
+0.002522945404052734375
+0.01674747467041015625
+0.033843517303466796875
+0.04683458805084228515625
+0.0448744297027587890625
+0.03823959827423095703125
+0.030659198760986328125
+0.0162506103515625
+0.010706424713134765625
+0.0157625675201416015625
+0.02819061279296875
+0.04299771785736083984375
+0.05289113521575927734375
+0.05238628387451171875
+0.03756678104400634765625
+0.02298462390899658203125
+0.007421970367431640625
-0.0042445659637451171875
+0.00005972385406494140625
+0.0157573223114013671875
+0.03372097015380859375
+0.0379927158355712890625
+0.03494107723236083984375
+0.02886402606964111328125
+0.0237462520599365234375
+0.03134644031524658203125
+0.04645502567291259765625
+0.0614721775054931640625
+0.063663482666015625
+0.0570271015167236328125
+0.04907238483428955078125
+0.03519260883331298828125
+0.02279102802276611328125
+0.01620137691497802734375
+0.0259914398193359375
+0.0439364910125732421875
+0.05618274211883544921875
+0.06548297405242919921875
+0.0719187259674072265625
+0.0764923095703125
+0.068080425262451171875
+0.04944789409637451171875
+0.03099918365478515625
+0.0148909091949462890625
+0.00758647918701171875
+0.0070931911468505859375
+0.02010023593902587890625
+0.03948879241943359375
+0.05210125446319580078125
+0.06058156490325927734375
+0.06651365756988525390625
+0.07415711879730224609375
+0.0700452327728271484375
+0.0539076328277587890625
+0.0380218029022216796875
+0.0256631374359130859375
+0.02257621288299560546875
+0.0254900455474853515625
+0.03407192230224609375
+0.03779923915863037109375
+0.0309851169586181640625
+0.02635610103607177734375
+0.0239665508270263671875
+0.02478420734405517578125
+0.02554225921630859375
+0.03139936923980712890625
+0.04671299457550048828125
+0.061982631683349609375
+0.0743024349212646484375
+0.0734660625457763671875
+0.0628206729888916015625
+0.04684340953826904296875
+0.0287392139434814453125
+0.01734673976898193359375
+0.0123665332794189453125
+0.0178020000457763671875
+0.02407014369964599609375
+0.02737712860107421875
+0.03187000751495361328125
+0.03350698947906494140625
+0.03169810771942138671875
+0.0216081142425537109375
+0.0132873058319091796875
+0.00970160961151123046875
+0.00861322879791259765625
+0.0154922008514404296875
+0.026733875274658203125
+0.04155099391937255859375
+0.05021727085113525390625
+0.051326751708984375
+0.04497015476226806640625
+0.02760255336761474609375
+0.01393067836761474609375
+0.0045032501220703125
-0.00121867656707763671875
-0.00391161441802978515625
+0.000672817230224609375
+0.01656615734100341796875
+0.0281097888946533203125
+0.0332248210906982421875
+0.03074347972869873046875
+0.02518880367279052734375
+0.02451860904693603515625
+0.02674043178558349609375
+0.03173887729644775390625
+0.0308601856231689453125
+0.03096497058868408203125
+0.0346682071685791015625
+0.0337975025177001953125
+0.02802169322967529296875
+0.01762878894805908203125
+0.01703178882598876953125
+0.026182651519775390625
+0.0376436710357666015625
+0.04744422435760498046875
+0.053145885467529296875
+0.06275045871734619140625
+0.06682026386260986328125
+0.0639088153839111328125
+0.055873394012451171875
+0.04299986362457275390625
+0.02952158451080322265625
+0.0150740146636962890625
+0.0116517543792724609375
+0.01683270931243896484375
+0.024956226348876953125
+0.03605592250823974609375
+0.0455296039581298828125
+0.05472123622894287109375
+0.05502986907958984375
+0.05102503299713134765625
+0.04844748973846435546875
+0.044605731964111328125
+0.04251348972320556640625
+0.0387871265411376953125
+0.03716170787811279296875
+0.0324151515960693359375
+0.027280330657958984375
+0.03101241588592529296875
+0.03756749629974365234375
+0.04605209827423095703125
+0.05088722705841064453125
+0.05773961544036865234375
+0.06596934795379638671875
+0.0671555995941162109375
+0.06148374080657958984375
+0.04631698131561279296875
+0.03333318233489990234375
+0.02604472637176513671875
+0.025721073150634765625
+0.03281128406524658203125
+0.03969800472259521484375
+0.05113136768341064453125
+0.06265795230865478515625
+0.07405650615692138671875
+0.07730042934417724609375
+0.0666315555572509765625
+0.05410826206207275390625
+0.04047119617462158203125
+0.02841365337371826171875
+0.0164296627044677734375
+0.01194298267364501953125
+0.02164924144744873046875
+0.034663677215576171875
+0.04999542236328125
+0.06196844577789306640625
+0.071375370025634765625
+0.07348096370697021484375
+0.06174147129058837890625
+0.04596197605133056640625
+0.03022301197052001953125
+0.022940158843994140625
+0.020840167999267578125
+0.02286541461944580078125
+0.03069674968719482421875
+0.03594744205474853515625
+0.041908740997314453125
+0.0453279018402099609375
+0.0476610660552978515625
+0.04836452007293701171875
+0.0488545894622802734375
+0.05314457416534423828125
+0.05033171176910400390625
+0.0453865528106689453125
+0.04470241069793701171875
+0.0456790924072265625
+0.0427830219268798828125
+0.03193652629852294921875
+0.0282456874847412109375
+0.03159701824188232421875
+0.0387489795684814453125
+0.04548323154449462890625
+0.04950392246246337890625
+0.0590991973876953125
+0.06901419162750244140625
+0.07872951030731201171875
+0.08318293094635009765625
+0.07927763462066650390625
+0.069141864776611328125
+0.05256283283233642578125
+0.0439722537994384765625
+0.04016315937042236328125
+0.03700888156890869140625
+0.0336830615997314453125
+0.031646728515625
+0.03603363037109375
+0.03478276729583740234375
+0.03092682361602783203125
+0.0279295444488525390625
+0.029758453369140625
+0.03919541835784912109375
+0.045806884765625
+0.04870402812957763671875
+0.0418813228607177734375
+0.030737400054931640625
+0.02312266826629638671875
+0.01817047595977783203125
+0.01607048511505126953125
+0.00773715972900390625
+0.0023152828216552734375
+0.0031130313873291015625
+0.00468933582305908203125
+0.007244586944580078125
+0.0119917392730712890625
+0.0271174907684326171875
+0.037127017974853515625
+0.03501451015472412109375
+0.02812588214874267578125
+0.0212471485137939453125
+0.01674640178680419921875
+0.00706970691680908203125
+0.0023643970489501953125
+0.0066089630126953125
+0.0163023471832275390625
+0.03290271759033203125
+0.04743325710296630859375
+0.05814182758331298828125
+0.06020867824554443359375
+0.0619127750396728515625
+0.0662310123443603515625
+0.06142699718475341796875
+0.05016231536865234375
+0.0378875732421875
+0.03817927837371826171875
+0.0453255176544189453125
+0.04791224002838134765625
+0.04739940166473388671875
+0.04281651973724365234375
+0.0417315959930419921875
+0.03969848155975341796875
+0.03872406482696533203125
+0.04230785369873046875
+0.04726326465606689453125
+0.05490958690643310546875
+0.05670201778411865234375
+0.05681312084197998046875
+0.0566387176513671875
+0.05520153045654296875
+0.052700519561767578125
+0.04372310638427734375
+0.0394227504730224609375
+0.03897011280059814453125
+0.0369164943695068359375
+0.03165733814239501953125
+0.02817690372467041015625
+0.03884541988372802734375
+0.05185067653656005859375
+0.0606403350830078125
+0.06214559078216552734375
+0.0580351352691650390625
+0.0561521053314208984375
+0.0523395538330078125
+0.05188262462615966796875
+0.049243450164794921875
+0.045705318450927734375
+0.0477659702301025390625
+0.05481719970703125
+0.06540739536285400390625
+0.06508004665374755859375
+0.05925464630126953125
+0.0574741363525390625
+0.06048488616943359375
+0.06358230113983154296875
