+0.039268970489501953125
+0.03715288639068603515625
+0.038167476654052734375
+0.0367972850799560546875
+0.0376131534576416015625
+0.0398051738739013671875
+0.041423797607421875
+0.0459096431732177734375
+0.04731273651123046875
+0.05091011524200439453125
+0.05255126953125
+0.05404627323150634765625
+0.05761158466339111328125
+0.05959975719451904296875
+0.064525127410888671875
+0.0662653446197509765625
+0.06877458095550537109375
+0.070480823516845703125
+0.0706994533538818359375
+0.07279407978057861328125
+0.07243824005126953125
+0.0742166042327880859375
+0.0748298168182373046875
+0.07418668270111083984375
+0.07566928863525390625
+0.0735123157501220703125
+0.07484734058380126953125
+0.072288036346435546875
+0.0722715854644775390625
+0.07026040554046630859375
+0.06923329830169677734375
+0.06848227977752685546875
+0.06841433048248291015625
+0.06683444976806640625
+0.068418979644775390625
+0.06363832950592041015625
+0.06711876392364501953125
+0.05943453311920166015625
+0.06450402736663818359375
+0.05602562427520751953125
+0.062601566314697265625
+0.0526182651519775390625
+0.06130993366241455078125
+0.048093318939208984375
+0.0638835430145263671875
+0.040388584136962890625
+0.0730230808258056640625
-0.498027324676513671875
-0.00138723850250244140625
+0.074952602386474609375
+0.03917539119720458984375
+0.06175959110260009765625
+0.0458600521087646484375
+0.06020390987396240234375
+0.04983603954315185546875
+0.06056487560272216796875
+0.0519564151763916015625
+0.0595757961273193359375
+0.0535414218902587890625
+0.05902397632598876953125
+0.05651962757110595703125
+0.0601174831390380859375
+0.05961894989013671875
+0.060675144195556640625
+0.05996358394622802734375
+0.06159210205078125
+0.0603129863739013671875
+0.063190460205078125
+0.061404705047607421875
+0.064252376556396484375
+0.0631220340728759765625
+0.06461369991302490234375
+0.0646059513092041015625
+0.0643355846405029296875
+0.0655167102813720703125
+0.06499683856964111328125
+0.06550347805023193359375
+0.066470623016357421875
+0.06531178951263427734375
+0.06784737110137939453125
+0.06479442119598388671875
+0.06701052188873291015625
+0.06262767314910888671875
+0.03752005100250244140625
-0.07743728160858154296875
-0.340442657470703125
-0.6574819087982177734375
-0.6944732666015625
-0.69819927215576171875
-0.23833787441253662109375
+0.5483081340789794921875
+0.722873210906982421875
+0.71632111072540283203125
+0.72160732746124267578125
+0.71617412567138671875
+0.72453212738037109375
+0.677010059356689453125
+0.24224078655242919921875
-0.4314081668853759765625
-0.7094423770904541015625
-0.69148290157318115234375
-0.7083446979522705078125
-0.69455349445343017578125
-0.705277919769287109375
-0.5399303436279296875
-0.01043224334716796875
+0.60200846195220947265625
+0.71901035308837890625
+0.72133362293243408203125
+0.71426141262054443359375
+0.7283141613006591796875
+0.66003048419952392578125
+0.24841976165771484375
-0.42971456050872802734375
-0.71157109737396240234375
-0.69119274616241455078125
-0.70776653289794921875
-0.6958210468292236328125
-0.70600223541259765625
-0.63490712642669677734375
-0.1436579227447509765625
+0.57992970943450927734375
+0.71795213222503662109375
+0.7224209308624267578125
+0.71378314495086669921875
+0.7252132892608642578125
+0.59660041332244873046875
+0.25371706485748291015625
-0.4244759082794189453125
-0.7117099761962890625
-0.69076442718505859375
-0.70981705188751220703125
-0.65406334400177001953125
-0.4487645626068115234375
-0.07611370086669921875
+0.52980625629425048828125
+0.726988315582275390625
+0.713611125946044921875
+0.7223165035247802734375
+0.70138990879058837890625
+0.54048383235931396484375
+0.3390405178070068359375
-0.2540409564971923828125
-0.69648659229278564453125
-0.6902043819427490234375
-0.70969402790069580078125
-0.67751586437225341796875
-0.49261224269866943359375
-0.13495123386383056640625
+0.45012199878692626953125
+0.7340891361236572265625
+0.701114177703857421875
+0.73814857006072998046875
+0.59015715122222900390625
+0.3280708789825439453125
+0.06419622898101806640625
-0.465167999267578125
-0.71568334102630615234375
-0.6858232021331787109375
-0.71855294704437255859375
-0.58132493495941162109375
-0.2187101840972900390625
+0.24976933002471923828125
+0.660397052764892578125
+0.7208254337310791015625
+0.71789681911468505859375
+0.69884073734283447265625
+0.39373695850372314453125
+0.02652800083160400390625
-0.4417979717254638671875
-0.710259914398193359375
-0.686710834503173828125
-0.71821701526641845703125
-0.609691143035888671875
-0.19216477870941162109375
+0.38278019428253173828125
+0.70153558254241943359375
+0.7175462245941162109375
+0.71829319000244140625
+0.70876610279083251953125
+0.43272507190704345703125
-0.02063953876495361328125
-0.54722118377685546875
-0.711673736572265625
-0.69322812557220458984375
-0.70448362827301025390625
-0.4490792751312255859375
+0.1221845149993896484375
+0.62282264232635498046875
+0.7277171611785888671875
+0.7074196338653564453125
+0.733172893524169921875
+0.52884709835052490234375
+0.1439092159271240234375
-0.35390937328338623046875
-0.70021831989288330078125
-0.68868529796600341796875
-0.71663606166839599609375
-0.59114110469818115234375
-0.104751110076904296875
+0.5065715312957763671875
+0.7297208309173583984375
+0.7030212879180908203125
+0.7388794422149658203125
+0.5554826259613037109375
+0.1323797702789306640625
-0.37827360630035400390625
-0.70293819904327392578125
-0.68936145305633544921875
-0.7158529758453369140625
-0.61392223834991455078125
-0.14663374423980712890625
+0.472113132476806640625
+0.7276952266693115234375
+0.7026484012603759765625
+0.7392885684967041015625
+0.5414698123931884765625
+0.080233097076416015625
-0.43859803676605224609375
-0.71102845668792724609375
-0.68763625621795654296875
-0.7182376384735107421875
-0.53037273883819580078125
+0.05338299274444580078125
+0.60523307323455810546875
+0.7251803874969482421875
+0.709957599639892578125
+0.7271630764007568359375
+0.44473373889923095703125
-0.119591236114501953125
-0.60488212108612060546875
-0.7101976871490478515625
-0.69583165645599365234375
-0.69524443149566650390625
-0.3400402069091796875
+0.31769740581512451171875
+0.702866077423095703125
+0.70972406864166259765625
+0.72882783412933349609375
+0.66241633892059326171875
+0.24193370342254638671875
-0.31435596942901611328125
-0.6872222423553466796875
-0.69088685512542724609375
-0.7185246944427490234375
-0.49222338199615478515625
+0.1384525299072265625
+0.62565815448760986328125
+0.72118079662322998046875
+0.7173788547515869140625
+0.68711698055267333984375
+0.2334525585174560546875
-0.3550932407379150390625
-0.6834008693695068359375
-0.69524013996124267578125
-0.71437370777130126953125
-0.48366010189056396484375
+0.23468267917633056640625
+0.6858875751495361328125
+0.71285927295684814453125
+0.72550880908966064453125
+0.65029990673065185546875
+0.08551371097564697265625
-0.5498249530792236328125
-0.70783233642578125
-0.69542062282562255859375
-0.7051293849945068359375
-0.34575545787811279296875
+0.41704213619232177734375
+0.7180526256561279296875
+0.709317684173583984375
+0.73084545135498046875
+0.5551302433013916015625
-0.12337696552276611328125
-0.64108288288116455078125
-0.704741001129150390625
-0.70149123668670654296875
-0.64353907108306884765625
-0.00842988491058349609375
+0.64251673221588134765625
+0.7141954898834228515625
+0.72026216983795166015625
+0.694694042205810546875
+0.24562776088714599609375
-0.47786200046539306640625
-0.70821988582611083984375
-0.69502508640289306640625
-0.6921617984771728515625
-0.2304012775421142578125
+0.53620302677154541015625
+0.7205116748809814453125
+0.715929508209228515625
+0.69880282878875732421875
+0.28880178928375244140625
-0.41577661037445068359375
-0.7090618610382080078125
-0.6905910968780517578125
-0.7111113071441650390625
-0.3480288982391357421875
+0.45140171051025390625
+0.72573292255401611328125
+0.70666396617889404296875
+0.7291357517242431640625
+0.4426753520965576171875
-0.29115998744964599609375
-0.69585454463958740234375
-0.69160640239715576171875
-0.71652984619140625
-0.45885944366455078125
+0.34835755825042724609375
+0.7232608795166015625
+0.7040922641754150390625
+0.72848856449127197265625
+0.43579399585723876953125
-0.26593530178070068359375
-0.69335639476776123046875
-0.69096851348876953125
-0.70403969287872314453125
-0.2802827358245849609375
+0.49801313877105712890625
+0.72058010101318359375
+0.71759212017059326171875
+0.66651904582977294921875
+0.16024506092071533203125
-0.5058491230010986328125
-0.71033799648284912109375
-0.695796489715576171875
-0.7076022624969482421875
-0.69210517406463623046875
-0.6634771823883056640625
-0.694068431854248046875
-0.70106351375579833984375
-0.70135962963104248046875
-0.61929035186767578125
-0.50157868862152099609375
-0.3898208141326904296875
-0.1944468021392822265625
+0.0165956020355224609375
+0.233771800994873046875
+0.44475841522216796875
+0.613509654998779296875
+0.70444488525390625
+0.7193219661712646484375
+0.71819698810577392578125
+0.71844971179962158203125
+0.718040943145751953125
+0.71759021282196044921875
+0.71775925159454345703125
+0.71675395965576171875
+0.7174994945526123046875
+0.71585357189178466796875
+0.7173068523406982421875
+0.71490347385406494140625
+0.717250823974609375
+0.71374261379241943359375
+0.717381954193115234375
+0.713059902191162109375
+0.7023160457611083984375
+0.44429552555084228515625
+0.2974503040313720703125
+0.272928714752197265625
+0.2002046108245849609375
+0.1072175502777099609375
-0.03284084796905517578125
-0.17574083805084228515625
-0.3213593959808349609375
-0.43944847583770751953125
-0.5281789302825927734375
-0.59535014629364013671875
-0.66887223720550537109375
-0.70352041721343994140625
-0.70433175563812255859375
-0.7043230533599853515625
-0.70402610301971435546875
-0.703599452972412109375
-0.7035238742828369140625
-0.70298850536346435546875
-0.70306932926177978515625
-0.70226943492889404296875
-0.70295441150665283203125
-0.695703029632568359375
-0.6681878566741943359375
-0.5903723239898681640625
-0.46976482868194580078125
-0.32095849514007568359375
-0.16466844081878662109375
-0.0136520862579345703125
+0.10146486759185791015625
+0.1464149951934814453125
+0.11868751049041748046875
+0.06016004085540771484375
+0.03404295444488525390625
+0.06364428997039794921875
+0.1537287235260009765625
+0.2840445041656494140625
+0.4294111728668212890625
+0.550291538238525390625
+0.60191166400909423828125
+0.58706080913543701171875
+0.53204739093780517578125
+0.46223223209381103515625
+0.38736498355865478515625
+0.331011295318603515625
+0.33116710186004638671875
+0.38232648372650146484375
+0.45964181423187255859375
+0.528512477874755859375
+0.55901873111724853515625
+0.5309059619903564453125
+0.4433906078338623046875
+0.32718074321746826171875
+0.201218128204345703125
+0.0972964763641357421875
+0.04959213733673095703125
+0.0602333545684814453125
+0.1039426326751708984375
+0.1483337879180908203125
+0.1795322895050048828125
+0.1672990322113037109375
+0.09973394870758056640625
+0.00432074069976806640625
-0.09705603122711181640625
-0.181923389434814453125
-0.22818624973297119140625
-0.21656930446624755859375
-0.16618633270263671875
-0.10820782184600830078125
-0.043275356292724609375
+0.01017153263092041015625
+0.0252742767333984375
-0.00415599346160888671875
-0.0503180027008056640625
-0.093261241912841796875
-0.134124279022216796875
-0.14383280277252197265625
-0.10250318050384521484375
-0.0182449817657470703125
+0.08247482776641845703125
+0.17456614971160888671875
+0.235044956207275390625
+0.23272550106048583984375
+0.181751728057861328125
+0.11777079105377197265625
+0.0699722766876220703125
+0.05687391757965087890625
+0.08695638179779052734375
+0.16487348079681396484375
+0.2581903934478759765625
+0.3280456066131591796875
+0.3501427173614501953125
+0.3227159976959228515625
+0.26582658290863037109375
+0.1920871734619140625
+0.1295087337493896484375
+0.0998318195343017578125
+0.10777318477630615234375
+0.141984462738037109375
+0.18423855304718017578125
+0.2243621349334716796875
+0.2340519428253173828125
+0.20560657978057861328125
+0.154476165771484375
+0.09330666065216064453125
+0.0387666225433349609375
+0.00817644596099853515625
+0.022739410400390625
+0.0649397373199462890625
+0.108652591705322265625
+0.144574642181396484375
+0.156162738800048828125
+0.13560497760772705078125
+0.08197748661041259765625
+0.019121646881103515625
-0.03044569492340087890625
-0.05830514430999755859375
-0.05562770366668701171875
-0.03111135959625244140625
+0.005074024200439453125
+0.0333344936370849609375
+0.0488898754119873046875
+0.0615127086639404296875
+0.0663883686065673828125
+0.0650970935821533203125
+0.05811655521392822265625
+0.056141376495361328125
+0.065278530120849609375
+0.08306729793548583984375
+0.11184608936309814453125
+0.1390018463134765625
+0.16209614276885986328125
+0.1713809967041015625
+0.1627333164215087890625
+0.14674341678619384765625
+0.1287860870361328125
+0.12086689472198486328125
+0.12272703647613525390625
+0.138332843780517578125
+0.16159689426422119140625
+0.177130222320556640625
+0.18854343891143798828125
+0.19209492206573486328125
+0.18407070636749267578125
+0.15981960296630859375
+0.13450253009796142578125
+0.12542903423309326171875
+0.12421929836273193359375
+0.1303083896636962890625
+0.14058220386505126953125
+0.15355026721954345703125
+0.15946996212005615234375
+0.1475365161895751953125
+0.12646961212158203125
+0.09916675090789794921875
+0.07695043087005615234375
+0.06187725067138671875
+0.0570087432861328125
+0.0662243366241455078125
+0.073755741119384765625
+0.07740819454193115234375
+0.072537899017333984375
+0.0558669567108154296875
+0.02841794490814208984375
+0.0015470981597900390625
-0.00319445133209228515625
+0.00773465633392333984375
+0.02966296672821044921875
+0.05488491058349609375
+0.07318532466888427734375
+0.0802166461944580078125
+0.07114124298095703125
+0.05973327159881591796875
+0.0504148006439208984375
+0.04919850826263427734375
+0.05809152126312255859375
+0.0678675174713134765625
+0.075809478759765625
+0.0737249851226806640625
+0.07039415836334228515625
+0.071713924407958984375
+0.07562434673309326171875
+0.08046925067901611328125
+0.08058106899261474609375
+0.084323883056640625
+0.08737123012542724609375
+0.08993923664093017578125
+0.09604513645172119140625
+0.10082149505615234375
+0.108392238616943359375
+0.11492359638214111328125
+0.125423431396484375
+0.1329681873321533203125
+0.12994468212127685546875
+0.122682094573974609375
+0.1098811626434326171875
+0.09700977802276611328125
+0.0855429172515869140625
+0.0845241546630859375
+0.09428501129150390625
+0.103021144866943359375
+0.11537897586822509765625
+0.12741744518280029296875
+0.13458728790283203125
+0.12812888622283935546875
+0.110000133514404296875
+0.0945682525634765625
+0.08063137531280517578125
+0.0735661983489990234375
+0.07004702091217041015625
+0.070735454559326171875
+0.077584743499755859375
+0.0833570957183837890625
+0.0891315937042236328125
+0.0885255336761474609375
+0.0864622592926025390625
+0.0840713977813720703125
+0.0790121555328369140625
+0.07483875751495361328125
+0.06756687164306640625
+0.0641129016876220703125
+0.06035602092742919921875
+0.05571496486663818359375
+0.0516707897186279296875
+0.0461194515228271484375
+0.04732072353363037109375
+0.04886853694915771484375
+0.05054056644439697265625
+0.0502893924713134765625
+0.0498497486114501953125
+0.05752217769622802734375
+0.06646633148193359375
+0.075057506561279296875
+0.07468760013580322265625
+0.06856739521026611328125
+0.06389141082763671875
+0.055652618408203125
+0.0460221767425537109375
+0.03615987300872802734375
+0.04051983356475830078125
+0.05543100833892822265625
+0.06599903106689453125
+0.07339727878570556640625
+0.08086574077606201171875
+0.0950171947479248046875
+0.102026462554931640625
+0.0966761112213134765625
+0.08837950229644775390625
+0.0824048519134521484375
+0.08557546138763427734375
+0.08607542514801025390625
+0.08411228656768798828125
+0.08499896526336669921875
+0.0912797451019287109375
+0.10317790508270263671875
+0.10636603832244873046875
+0.104969024658203125
+0.10391056537628173828125
+0.1103227138519287109375
+0.1218051910400390625
+0.12337195873260498046875
+0.11876666545867919921875
+0.11113464832305908203125
+0.10771286487579345703125
+0.102919101715087890625
+0.0896775722503662109375
+0.0779192447662353515625
+0.0706675052642822265625
+0.07384097576141357421875
+0.08023583889007568359375
+0.08552801609039306640625
+0.0902462005615234375
+0.0909435749053955078125
+0.09477078914642333984375
+0.09266841411590576171875
+0.081959247589111328125
+0.06516325473785400390625
+0.04922497272491455078125
+0.04370892047882080078125
+0.0386540889739990234375
+0.0375735759735107421875
+0.04352462291717529296875
+0.056777477264404296875
+0.07057464122772216796875
+0.0735137462615966796875
+0.07472527027130126953125
+0.07291519641876220703125
+0.06676769256591796875
+0.0545012950897216796875
+0.04014194011688232421875
+0.038506984710693359375
+0.04279768466949462890625
+0.0493602752685546875
+0.05427062511444091796875
+0.06394994258880615234375
+0.08086490631103515625
+0.08957278728485107421875
+0.09119713306427001953125
+0.08497726917266845703125
+0.07873690128326416015625
+0.07420432567596435546875
+0.0680167675018310546875
+0.0652654170989990234375
+0.0624449253082275390625
+0.06568634510040283203125
+0.07137095928192138671875
+0.07951676845550537109375
+0.090155124664306640625
+0.094174861907958984375
+0.097493648529052734375
+0.098421573638916015625
+0.09562504291534423828125
+0.08526027202606201171875
+0.0712296962738037109375
+0.06918942928314208984375
+0.07185876369476318359375
+0.07554328441619873046875
+0.07774174213409423828125
+0.08438968658447265625
+0.0971062183380126953125
+0.10034644603729248046875
+0.096004009246826171875
+0.0859797000885009765625
+0.076956272125244140625
+0.0690033435821533203125
+0.060709476470947265625
+0.06239020824432373046875
+0.069354534149169921875
+0.08061504364013671875
+0.0880897045135498046875
+0.0904724597930908203125
+0.09241211414337158203125
+0.0866413116455078125
+0.0770285129547119140625
+0.06361186504364013671875
+0.053850650787353515625
+0.04904377460479736328125
+0.04634582996368408203125
+0.05297565460205078125
+0.06233751773834228515625
+0.073342800140380859375
+0.08016574382781982421875
+0.08214628696441650390625
+0.08230292797088623046875
+0.07427656650543212890625
+0.06444394588470458984375
+0.0529386997222900390625
+0.0473120212554931640625
+0.04812014102935791015625
+0.0474269390106201171875
+0.05015468597412109375
+0.0553858280181884765625
+0.0695798397064208984375
+0.08353745937347412109375
+0.08969724178314208984375
+0.09025013446807861328125
+0.08203470706939697265625
+0.07305705547332763671875
+0.0628387928009033203125
+0.056006908416748046875
+0.0550825595855712890625
+0.05863189697265625
+0.07149422168731689453125
+0.08290207386016845703125
+0.0930397510528564453125
+0.099483013153076171875
+0.09912216663360595703125
+0.0941722393035888671875
+0.08287298679351806640625
+0.07382380962371826171875
+0.06410586833953857421875
+0.05793750286102294921875
+0.06031715869903564453125
+0.06594240665435791015625
+0.07621610164642333984375
+0.08406484127044677734375
+0.09222126007080078125
+0.09502410888671875
+0.08920383453369140625
+0.080296039581298828125
+0.06586563587188720703125
+0.0545368194580078125
+0.04703700542449951171875
+0.0491583347320556640625
+0.05977070331573486328125
+0.0690517425537109375
+0.07816541194915771484375
+0.0815393924713134765625
+0.08073508739471435546875
+0.07339191436767578125
+0.06221759319305419921875
+0.054900646209716796875
+0.04895913600921630859375
+0.05201709270477294921875
+0.06018579006195068359375
+0.071746826171875
+0.08278977870941162109375
+0.08506643772125244140625
+0.08333432674407958984375
+0.07346904277801513671875
+0.06197106838226318359375
+0.05070364475250244140625
+0.04278457164764404296875
+0.04719829559326171875
+0.05965220928192138671875
+0.07798039913177490234375
+0.0867443084716796875
+0.08654963970184326171875
+0.08481109142303466796875
+0.07686817646026611328125
+0.0657100677490234375
+0.05362474918365478515625
+0.05352795124053955078125
+0.06170213222503662109375
+0.0696475505828857421875
+0.08154761791229248046875
+0.0905058383941650390625
+0.094498157501220703125
+0.08840692043304443359375
+0.078888416290283203125
+0.07098853588104248046875
+0.059522151947021484375
+0.0521986484527587890625
+0.04982340335845947265625
+0.05890333652496337890625
+0.07351028919219970703125
+0.0859982967376708984375
+0.09546756744384765625
+0.09366714954376220703125
+0.0870869159698486328125
+0.07578361034393310546875
+0.06375896930694580078125
+0.05560016632080078125
+0.049925327301025390625
+0.0532953739166259765625
+0.05937373638153076171875
+0.06879413127899169921875
+0.07680070400238037109375
+0.07765042781829833984375
+0.07756936550140380859375
+0.07501089572906494140625
+0.07557332515716552734375
+0.0703961849212646484375
+0.0592467784881591796875
+0.05083262920379638671875
+0.0458199977874755859375
+0.0495269298553466796875
+0.0549461841583251953125
+0.06535613536834716796875
+0.0772974491119384765625
+0.08577764034271240234375
+0.09377419948577880859375
+0.09121477603912353515625
+0.0803911685943603515625
+0.06304490566253662109375
+0.05097019672393798828125
+0.051393032073974609375
+0.05558907985687255859375
+0.0649883747100830078125
+0.0767078399658203125
+0.09385597705841064453125
+0.10806000232696533203125
+0.10815417766571044921875
+0.0995519161224365234375
+0.083937168121337890625
+0.07228696346282958984375
+0.0645840167999267578125
+0.06325685977935791015625
+0.06866180896759033203125
+0.07316219806671142578125
+0.08184206485748291015625
+0.08939564228057861328125
+0.09480345249176025390625
+0.09287655353546142578125
+0.0853884220123291015625
+0.08261096477508544921875
+0.07849442958831787109375
+0.07605838775634765625
+0.0737555027008056640625
+0.0736224651336669921875
+0.07744801044464111328125
+0.07949149608612060546875
+0.0830461978912353515625
+0.08221256732940673828125
+0.08044350147247314453125
+0.0784626007080078125
+0.07490861415863037109375
+0.073853969573974609375
+0.06901586055755615234375
+0.0672180652618408203125
+0.0671432018280029296875
+0.06840956211090087890625
+0.07097923755645751953125
+0.0712871551513671875
+0.07824885845184326171875
+0.08493220806121826171875
+0.0883042812347412109375
+0.08673858642578125
+0.08068084716796875
+0.07699096202850341796875
+0.07157528400421142578125
+0.06882679462432861328125
+0.06452810764312744140625
+0.0606157779693603515625
+0.06385648250579833984375
+0.07109677791595458984375
+0.08120024204254150390625
+0.0808870792388916015625
+0.07360661029815673828125
+0.06862914562225341796875
+0.06978046894073486328125
+0.07702171802520751953125
+0.07618999481201171875
+0.072406768798828125
+0.067394733428955078125
+0.06380259990692138671875
+0.063628673553466796875
+0.06101143360137939453125
+0.06203806400299072265625
+0.063200473785400390625
+0.068602085113525390625
+0.0757887363433837890625
+0.0761492252349853515625
+0.07506382465362548828125
+0.07200610637664794921875
+0.074160099029541015625
+0.07567918300628662109375
+0.074549198150634765625
+0.07640421390533447265625
+0.07902848720550537109375
+0.0855910778045654296875
+0.08883678913116455078125
+0.0914351940155029296875
+0.0937449932098388671875
+0.0919778347015380859375
+0.09243488311767578125
+0.091810703277587890625
+0.09442341327667236328125
+0.09417092800140380859375
+0.08988058567047119140625
+0.08427584171295166015625
+0.07550418376922607421875
+0.07162201404571533203125
+0.069263458251953125
+0.07483637332916259765625
+0.0899021625518798828125
+0.10875570774078369140625
+0.12879359722137451171875
+0.13487994670867919921875
+0.1274487972259521484375
+0.10898494720458984375
+0.086923122406005859375
+0.066379070281982421875
+0.04267179965972900390625
+0.02653038501739501953125
+0.02045452594757080078125
+0.03000342845916748046875
+0.05079257488250732421875
+0.0716350078582763671875
+0.0933210849761962890625
+0.11166203022003173828125
+0.129372119903564453125
+0.1380765438079833984375
+0.13065803050994873046875
+0.10941600799560546875
+0.0767269134521484375
+0.0489962100982666015625
+0.027889251708984375
+0.01668798923492431640625
+0.01730072498321533203125
+0.02568209171295166015625
+0.04256021976470947265625
+0.05806481838226318359375
+0.0754854679107666015625
+0.0917294025421142578125
+0.10532987117767333984375
+0.11807668209075927734375
+0.1214530467987060546875
+0.11888027191162109375
+0.10828697681427001953125
+0.0954606533050537109375
+0.08039760589599609375
+0.05944788455963134765625
+0.0424706935882568359375
+0.0298483371734619140625
+0.028681278228759765625
+0.0371983051300048828125
+0.05427837371826171875
+0.08674967288970947265625
+0.12629044055938720703125
+0.16354739665985107421875
+0.1773235797882080078125
+0.16620552539825439453125
+0.13833987712860107421875
+0.0987436771392822265625
+0.06093537807464599609375
+0.0279762744903564453125
+0.01106226444244384765625
+0.01234114170074462890625
+0.030618190765380859375
+0.06241595745086669921875
+0.0925848484039306640625
+0.12035214900970458984375
+0.137710094451904296875
+0.14348924160003662109375
+0.138172149658203125
+0.12174999713897705078125
+0.10438358783721923828125
+0.08434855937957763671875
+0.06894147396087646484375
+0.054942607879638671875
+0.0399210453033447265625
+0.03184735774993896484375
+0.03062760829925537109375
+0.0400784015655517578125
+0.052478790283203125
+0.07006561756134033203125
+0.09292352199554443359375
+0.11120510101318359375
+0.12457740306854248046875
+0.126586437225341796875
+0.1215264797210693359375
+0.1042118072509765625
+0.07338869571685791015625
+0.04187023639678955078125
+0.01488494873046875
+0.00363636016845703125
+0.0069105625152587890625
+0.02899420261383056640625
+0.06862354278564453125
+0.10950183868408203125
+0.14306342601776123046875
+0.16004025936126708984375
+0.16219937801361083984375
+0.14368259906768798828125
+0.10332429409027099609375
+0.0580070018768310546875
+0.018413066864013671875
-0.00096595287322998046875
+0.0011246204376220703125
+0.02776849269866943359375
+0.0702793598175048828125
