-0.0633594989776611328125
-0.0666286945343017578125
-0.06910049915313720703125
-0.07184886932373046875
-0.0745103359222412109375
-0.07581174373626708984375
-0.07821071147918701171875
-0.079729557037353515625
-0.08141243457794189453125
-0.08197772502899169921875
-0.08181285858154296875
-0.0830230712890625
-0.08365094661712646484375
-0.08539116382598876953125
-0.08613812923431396484375
-0.0861876010894775390625
-0.0860211849212646484375
-0.08491933345794677734375
-0.08542978763580322265625
-0.08469259738922119140625
-0.08474004268646240234375
-0.0841872692108154296875
-0.0829532146453857421875
-0.08264255523681640625
-0.0813052654266357421875
-0.08185350894927978515625
-0.08207714557647705078125
-0.08285462856292724609375
-0.08350086212158203125
-0.0833034515380859375
-0.08366024494171142578125
-0.08352375030517578125
-0.084323406219482421875
-0.08599555492401123046875
-0.08707904815673828125
-0.08964669704437255859375
-0.0901291370391845703125
-0.09262549877166748046875
-0.092933177947998046875
-0.0951960086822509765625
-0.09673869609832763671875
-0.10043942928314208984375
-0.10212600231170654296875
-0.1060159206390380859375
-0.10328519344329833984375
-0.11342179775238037109375
-0.08448994159698486328125
+0.418137073516845703125
-0.08803451061248779296875
-0.12008416652679443359375
-0.111630916595458984375
-0.11711013317108154296875
-0.11551487445831298828125
-0.11753427982330322265625
-0.1172034740447998046875
-0.1176707744598388671875
-0.11695086956024169921875
-0.1165564060211181640625
-0.1147854328155517578125
-0.11415469646453857421875
-0.11190211772918701171875
-0.11185395717620849609375
-0.1097924709320068359375
-0.1084921360015869140625
-0.106121063232421875
-0.10335457324981689453125
-0.101793766021728515625
-0.0986921787261962890625
-0.09718215465545654296875
-0.0941789150238037109375
-0.0921747684478759765625
-0.08973968029022216796875
-0.087350368499755859375
-0.0843689441680908203125
-0.08195388317108154296875
-0.0783069133758544921875
-0.07735216617584228515625
-0.07316291332244873046875
-0.07357025146484375
-0.06841433048248291015625
-0.06961572170257568359375
-0.06429469585418701171875
-0.06776440143585205078125
-0.0931568145751953125
-0.257153034210205078125
-0.5693223476409912109375
-0.695037364959716796875
-0.66183185577392578125
-0.70111644268035888671875
-0.22052013874053955078125
+0.62699830532073974609375
+0.74144065380096435546875
+0.750818729400634765625
+0.74067080020904541015625
+0.75165092945098876953125
+0.73851001262664794921875
+0.73968136310577392578125
+0.22749626636505126953125
-0.54505217075347900390625
-0.6773669719696044921875
-0.6857738494873046875
-0.67332303524017333984375
-0.6898052692413330078125
-0.668280124664306640625
-0.67017996311187744140625
-0.093760967254638671875
+0.6660251617431640625
+0.74158132076263427734375
+0.7472817897796630859375
+0.747165203094482421875
+0.738683223724365234375
+0.7615101337432861328125
+0.35676777362823486328125
-0.53139770030975341796875
-0.67193162441253662109375
-0.69152581691741943359375
-0.66728937625885009765625
-0.696657657623291015625
-0.65965557098388671875
-0.6940109729766845703125
-0.1317088603973388671875
+0.66245329380035400390625
+0.74553203582763671875
+0.741863250732421875
+0.75401079654693603515625
+0.7295472621917724609375
+0.771838665008544921875
+0.25234091281890869140625
-0.6022167205810546875
-0.66811096668243408203125
-0.69030344486236572265625
-0.67360007762908935546875
-0.68395268917083740234375
-0.6840183734893798828125
-0.45666468143463134765625
+0.44981324672698974609375
+0.75635755062103271484375
+0.73703801631927490234375
+0.75150382518768310546875
+0.7378914356231689453125
+0.76168262958526611328125
+0.5369052886962890625
-0.38220083713531494140625
-0.69285488128662109375
-0.67186272144317626953125
-0.686259746551513671875
-0.67612469196319580078125
-0.6870768070220947265625
-0.477935791015625
+0.36821269989013671875
+0.76263582706451416015625
+0.72772705554962158203125
+0.7593634128570556640625
+0.723569393157958984375
+0.557789325714111328125
+0.0714643001556396484375
-0.57576382160186767578125
-0.68813312053680419921875
-0.67545235157012939453125
-0.6854839324951171875
-0.67572629451751708984375
-0.53822290897369384765625
+0.081634044647216796875
+0.68434870243072509765625
+0.7448680400848388671875
+0.74296057224273681640625
+0.7534568309783935546875
+0.620548248291015625
+0.1040217876434326171875
-0.53169476985931396484375
-0.69327545166015625
-0.67183983325958251953125
-0.68750894069671630859375
-0.67727291584014892578125
-0.56386125087738037109375
+0.1222360134124755859375
+0.70830833911895751953125
+0.73811376094818115234375
+0.74987637996673583984375
+0.744110107421875
+0.691755771636962890625
+0.139853954315185546875
-0.5610148906707763671875
-0.68568623065948486328125
-0.67827022075653076171875
-0.68194496631622314453125
-0.68013632297515869140625
-0.4627869129180908203125
+0.301474094390869140625
+0.74885237216949462890625
+0.72907698154449462890625
+0.7602632045745849609375
+0.708244800567626953125
+0.41376650333404541015625
-0.24834144115447998046875
-0.67544519901275634765625
-0.67288339138031005859375
-0.68534958362579345703125
-0.6806147098541259765625
-0.56376492977142333984375
+0.02970564365386962890625
+0.663819789886474609375
+0.74136197566986083984375
+0.75204741954803466796875
+0.71279108524322509765625
+0.38048636913299560546875
-0.249483585357666015625
-0.6700637340545654296875
-0.67419254779815673828125
-0.68416595458984375
-0.68160998821258544921875
-0.5437924861907958984375
+0.05360829830169677734375
+0.66871738433837890625
+0.7392826080322265625
+0.757368564605712890625
+0.66884386539459228515625
+0.2500059604644775390625
-0.37466132640838623046875
-0.6901051998138427734375
-0.66891384124755859375
-0.69005489349365234375
-0.6595723628997802734375
-0.3690912723541259765625
+0.30215561389923095703125
+0.73061525821685791015625
+0.734813690185546875
+0.75998699665069580078125
+0.56500017642974853515625
+0.0190317630767822265625
-0.5488836765289306640625
-0.6938455104827880859375
-0.66861951351165771484375
-0.69624936580657958984375
-0.5315682888031005859375
+0.00194847583770751953125
+0.60097348690032958984375
+0.74666881561279296875
+0.7500755786895751953125
+0.68185508251190185546875
+0.206899166107177734375
-0.4157369136810302734375
-0.69114935398101806640625
-0.66696822643280029296875
-0.69663918018341064453125
-0.58919239044189453125
-0.0892417430877685546875
+0.53761970996856689453125
+0.7455844879150390625
+0.7456834316253662109375
+0.70740032196044921875
+0.2397911548614501953125
-0.41639804840087890625
-0.6863968372344970703125
-0.67043268680572509765625
-0.69358539581298828125
-0.583652973175048828125
-0.017519474029541015625
+0.6059629917144775390625
+0.74291431903839111328125
+0.7531130313873291015625
+0.65179312229156494140625
+0.09036242961883544921875
-0.535724639892578125
-0.68875634670257568359375
-0.67308747768402099609375
-0.688958644866943359375
-0.43083250522613525390625
+0.26872718334197998046875
+0.71598374843597412109375
+0.7404329776763916015625
+0.74410450458526611328125
+0.41193306446075439453125
-0.2739810943603515625
-0.66711914539337158203125
-0.6746027469635009765625
-0.68900382518768310546875
-0.58771789073944091796875
+0.03200447559356689453125
+0.65255010128021240234375
+0.742501735687255859375
+0.753582000732421875
+0.620745182037353515625
-0.0409824848175048828125
-0.60887038707733154296875
-0.68525540828704833984375
-0.674597263336181640625
-0.6743671894073486328125
-0.1928350925445556640625
+0.569692134857177734375
+0.74915444850921630859375
+0.74083983898162841796875
+0.7246520519256591796875
+0.20407426357269287109375
-0.52411735057830810546875
-0.68806135654449462890625
-0.6714813709259033203125
-0.69292843341827392578125
-0.33895719051361083984375
+0.4867827892303466796875
+0.7526094913482666015625
+0.73611462116241455078125
+0.73755323886871337890625
+0.271172046661376953125
-0.47478425502777099609375
-0.69253742694854736328125
-0.66706717014312744140625
-0.69648230075836181640625
-0.32341670989990234375
+0.4988677501678466796875
+0.75446033477783203125
+0.735687255859375
+0.72356688976287841796875
+0.17672717571258544921875
-0.53270828723907470703125
-0.6921389102935791015625
-0.66783773899078369140625
-0.68567931652069091796875
-0.16455829143524169921875
+0.62485253810882568359375
+0.74135005474090576171875
+0.752981662750244140625
+0.6346857547760009765625
-0.06952989101409912109375
-0.6456081867218017578125
-0.67290914058685302734375
-0.6867411136627197265625
-0.67621028423309326171875
-0.68396747112274169921875
-0.6773815155029296875
-0.68200910091400146484375
-0.67797756195068359375
-0.68044912815093994140625
-0.67874419689178466796875
-0.6717150211334228515625
-0.5789468288421630859375
-0.29389607906341552734375
+0.0445392131805419921875
+0.30496311187744140625
+0.499133586883544921875
+0.68042337894439697265625
+0.748769283294677734375
+0.7448246479034423828125
+0.747251987457275390625
+0.74595272541046142578125
+0.74552142620086669921875
+0.7463433742523193359375
+0.74400889873504638671875
+0.74674320220947265625
+0.74230110645294189453125
+0.74754941463470458984375
+0.73985922336578369140625
+0.7497532367706298828125
+0.734522342681884765625
+0.758898258209228515625
+0.58069896697998046875
+0.33437240123748779296875
+0.35393488407135009765625
+0.3497331142425537109375
+0.34249579906463623046875
+0.28008162975311279296875
+0.1720964908599853515625
-0.00718462467193603515625
-0.2223026752471923828125
-0.47182214260101318359375
-0.6544091701507568359375
-0.68482434749603271484375
-0.68217885494232177734375
-0.6836202144622802734375
-0.68210542201995849609375
-0.6827137470245361328125
-0.681766986846923828125
-0.68194019794464111328125
-0.6814076900482177734375
-0.6812331676483154296875
-0.68103659152984619140625
-0.68053781986236572265625
-0.68072450160980224609375
-0.6798191070556640625
-0.68045818805694580078125
-0.678902149200439453125
-0.6807277202606201171875
-0.6745359897613525390625
-0.65831553936004638671875
-0.5937445163726806640625
-0.4721043109893798828125
-0.33139455318450927734375
-0.19076216220855712890625
-0.07880699634552001953125
+0.01043140888214111328125
+0.07746732234954833984375
+0.12594306468963623046875
+0.15482509136199951171875
+0.17786419391632080078125
+0.20358622074127197265625
+0.23563396930694580078125
+0.27552807331085205078125
+0.31509387493133544921875
+0.3458912372589111328125
+0.363360881805419921875
+0.363147258758544921875
+0.3415029048919677734375
+0.29502189159393310546875
+0.23885214328765869140625
+0.187526226043701171875
+0.15473592281341552734375
+0.14674961566925048828125
+0.15688621997833251953125
+0.1719558238983154296875
+0.1743352413177490234375
+0.1562502384185791015625
+0.1136000156402587890625
+0.0478651523590087890625
-0.0296132564544677734375
-0.106513500213623046875
-0.16461145877838134765625
-0.19365155696868896484375
-0.19472599029541015625
-0.17814528942108154296875
-0.1573970317840576171875
-0.14009380340576171875
-0.13755309581756591796875
-0.15343379974365234375
-0.18563902378082275390625
-0.22213590145111083984375
-0.2459380626678466796875
-0.2514274120330810546875
-0.237033367156982421875
-0.20752775669097900390625
-0.1686251163482666015625
-0.13110005855560302734375
-0.10699880123138427734375
-0.09834706783294677734375
-0.1045348644256591796875
-0.113546848297119140625
-0.11386072635650634765625
-0.1032621860504150390625
-0.08352935314178466796875
-0.06032848358154296875
-0.03328764438629150390625
-0.00839436054229736328125
+0.006094455718994140625
+0.006037235260009765625
-0.005570888519287109375
-0.01683294773101806640625
-0.0267791748046875
-0.03262603282928466796875
-0.03063571453094482421875
-0.02155840396881103515625
-0.0063531398773193359375
+0.01000678539276123046875
+0.0255925655364990234375
+0.02978765964508056640625
+0.0202085971832275390625
+0.006994724273681640625
-0.0044548511505126953125
-0.0125181674957275390625
-0.01812458038330078125
-0.0152475833892822265625
-0.00329768657684326171875
+0.012815952301025390625
+0.03041970729827880859375
+0.04087162017822265625
+0.04155623912811279296875
+0.031188488006591796875
+0.0150127410888671875
-0.00140631198883056640625
-0.0165631771087646484375
-0.0237057209014892578125
-0.02248370647430419921875
-0.012730121612548828125
+0.00119149684906005859375
+0.014734745025634765625
+0.02458775043487548828125
+0.02430617809295654296875
+0.01908624172210693359375
+0.0120580196380615234375
+0.00371646881103515625
-0.00560390949249267578125
-0.01582300662994384765625
-0.02347791194915771484375
-0.031589031219482421875
-0.03841984272003173828125
-0.0445115566253662109375
-0.05260932445526123046875
-0.0617525577545166015625
-0.07323443889617919921875
-0.0826413631439208984375
-0.08990228176116943359375
-0.09232330322265625
-0.08843910694122314453125
-0.08246517181396484375
-0.07528913021087646484375
-0.07064807415008544921875
-0.06552159786224365234375
-0.0600550174713134765625
-0.05745398998260498046875
-0.056545734405517578125
-0.05545032024383544921875
-0.0468308925628662109375
-0.03258883953094482421875
-0.01705491542816162109375
-0.002255916595458984375
+0.009508609771728515625
+0.02098071575164794921875
+0.02857267856597900390625
+0.03100478649139404296875
+0.0287368297576904296875
+0.02599179744720458984375
+0.0292150974273681640625
+0.0322668552398681640625
+0.0326874256134033203125
+0.030993938446044921875
+0.02973520755767822265625
+0.0276043415069580078125
+0.0198123455047607421875
+0.01064789295196533203125
+0.0008728504180908203125
-0.00735187530517578125
-0.01556622982025146484375
-0.02810180187225341796875
-0.04148924350738525390625
-0.05264186859130859375
-0.05571568012237548828125
-0.0565197467803955078125
-0.0621573925018310546875
-0.070706844329833984375
-0.0767147541046142578125
-0.076083660125732421875
-0.078231334686279296875
-0.0871841907501220703125
-0.100040912628173828125
-0.11339509487152099609375
-0.122002124786376953125
-0.12671172618865966796875
-0.12479388713836669921875
-0.12080860137939453125
-0.11742365360260009765625
-0.1097772121429443359375
-0.09953081607818603515625
-0.090803623199462890625
-0.09015047550201416015625
-0.09175336360931396484375
-0.08821666240692138671875
-0.08222234249114990234375
-0.07639276981353759765625
-0.0711421966552734375
-0.05895888805389404296875
-0.0418894290924072265625
-0.0278022289276123046875
-0.02236735820770263671875
-0.02961575984954833984375
-0.04227364063262939453125
-0.0552809238433837890625
-0.06317245960235595703125
-0.06550896167755126953125
-0.063890933990478515625
-0.0536377429962158203125
-0.03582274913787841796875
-0.01424896717071533203125
-0.00258481502532958984375
-0.00745868682861328125
-0.02213513851165771484375
-0.04027616977691650390625
-0.05668938159942626953125
-0.07512128353118896484375
-0.09277641773223876953125
-0.10116481781005859375
-0.097086429595947265625
-0.08428561687469482421875
-0.0813539028167724609375
-0.09314858913421630859375
-0.10770332813262939453125
-0.1083467006683349609375
-0.0939233303070068359375
-0.08012616634368896484375
-0.075939178466796875
-0.084606170654296875
-0.09727299213409423828125
-0.10498964786529541015625
-0.10797405242919921875
-0.1083014011383056640625
-0.1159584522247314453125
-0.13670825958251953125
-0.16494476795196533203125
-0.18038463592529296875
-0.1679303646087646484375
-0.135488033294677734375
-0.09662234783172607421875
-0.06673371791839599609375
-0.046629428863525390625
-0.03120458126068115234375
-0.0201470851898193359375
-0.01241528987884521484375
-0.0114223957061767578125
-0.01675474643707275390625
-0.02950823307037353515625
-0.0503008365631103515625
-0.07541644573211669921875
-0.099079608917236328125
-0.1101474761962890625
-0.109717845916748046875
-0.10155332088470458984375
-0.08657801151275634765625
-0.06395041942596435546875
-0.02977120876312255859375
+0.00733029842376708984375
+0.0382049083709716796875
+0.05609595775604248046875
+0.06103265285491943359375
+0.05252933502197265625
+0.025222301483154296875
-0.0178444385528564453125
-0.070034503936767578125
-0.11657965183258056640625
-0.1467626094818115234375
-0.16044509410858154296875
-0.1555798053741455078125
-0.13095963001251220703125
-0.0848104953765869140625
-0.032660961151123046875
+0.005794525146484375
+0.0268990993499755859375
+0.0363521575927734375
+0.03728282451629638671875
+0.0167362689971923828125
-0.02933275699615478515625
-0.0855243206024169921875
-0.127143383026123046875
-0.14095175266265869140625
-0.14107930660247802734375
-0.134175777435302734375
-0.108014583587646484375
-0.0529921054840087890625
+0.013208866119384765625
+0.05600130558013916015625
+0.0692293643951416015625
+0.0677974224090576171875
+0.06648671627044677734375
+0.05544316768646240234375
+0.01570224761962890625
-0.042325496673583984375
-0.09000003337860107421875
-0.10568583011627197265625
-0.09928476810455322265625
-0.08701550960540771484375
-0.062725067138671875
-0.020953655242919921875
+0.0258998870849609375
+0.05161631107330322265625
+0.0522506237030029296875
+0.0431435108184814453125
+0.03040349483489990234375
+0.0078525543212890625
-0.0325057506561279296875
-0.07446205615997314453125
-0.0978705883026123046875
-0.09960567951202392578125
-0.08620703220367431640625
-0.06519353389739990234375
-0.03683197498321533203125
-0.007951259613037109375
+0.01369702816009521484375
+0.02296125888824462890625
+0.01676070690155029296875
+0.00129592418670654296875
-0.02179872989654541015625
-0.046985626220703125
-0.0679767131805419921875
-0.0780849456787109375
-0.072392940521240234375
-0.05470716953277587890625
-0.02683222293853759765625
-0.0006330013275146484375
+0.0112693309783935546875
+0.00644505023956298828125
-0.00644397735595703125
-0.01705169677734375
-0.03226602077484130859375
-0.054566860198974609375
-0.0738441944122314453125
-0.07695162296295166015625
-0.06269609928131103515625
-0.043774127960205078125
-0.0210750102996826171875
+0.0027496814727783203125
+0.0176334381103515625
+0.01219761371612548828125
-0.012006282806396484375
-0.03727257251739501953125
-0.0583794116973876953125
-0.07692396640777587890625
-0.0920526981353759765625
-0.09579598903656005859375
-0.08545410633087158203125
-0.06904804706573486328125
-0.0438711643218994140625
-0.010617733001708984375
+0.015758514404296875
+0.01778542995452880859375
-0.00142002105712890625
-0.0221292972564697265625
-0.0420005321502685546875
-0.06577003002166748046875
-0.08734607696533203125
-0.09216511249542236328125
-0.07726109027862548828125
-0.056696414947509765625
-0.03077709674835205078125
-0.0009081363677978515625
+0.01777112483978271484375
+0.01338970661163330078125
-0.00881636142730712890625
-0.0338799953460693359375
-0.0617847442626953125
-0.08954107761383056640625
-0.106416225433349609375
-0.106534481048583984375
-0.0898621082305908203125
-0.059839725494384765625
-0.0149428844451904296875
+0.02429354190826416015625
+0.0362126827239990234375
+0.02396929264068603515625
+0.00151574611663818359375
-0.0294625759124755859375
-0.07739722728729248046875
-0.12284195423126220703125
-0.1421654224395751953125
-0.13850688934326171875
-0.12340545654296875
-0.096240997314453125
-0.05266630649566650390625
-0.0154349803924560546875
-0.00411665439605712890625
-0.01171481609344482421875
-0.031323909759521484375
-0.06166362762451171875
-0.09561634063720703125
-0.11545860767364501953125
-0.11933195590972900390625
-0.1131412982940673828125
-0.08876264095306396484375
-0.05212223529815673828125
-0.026100635528564453125
-0.02593135833740234375
-0.03979432582855224609375
-0.05849826335906982421875
-0.0877630710601806640625
-0.11330306529998779296875
-0.11731183528900146484375
-0.0967700481414794921875
-0.06201136112213134765625
-0.02029693126678466796875
+0.0146582126617431640625
+0.0222451686859130859375
+0.00760948657989501953125
-0.0190784931182861328125
-0.0604412555694580078125
-0.112453460693359375
-0.1465499401092529296875
-0.14016819000244140625
-0.11099255084991455078125
-0.0750982761383056640625
-0.031525135040283203125
+0.011050701141357421875
+0.03403651714324951171875
+0.02605926990509033203125
-0.00558185577392578125
-0.05401337146759033203125
-0.10216426849365234375
-0.12795984745025634765625
-0.1257846355438232421875
-0.09954369068145751953125
-0.06005799770355224609375
-0.017536163330078125
+0.01209676265716552734375
+0.016164302825927734375
-0.00431537628173828125
-0.04253494739532470703125
-0.07619345188140869140625
-0.0931835174560546875
-0.09643065929412841796875
-0.08432924747467041015625
-0.0507194995880126953125
-0.00555133819580078125
+0.02189648151397705078125
+0.02520906925201416015625
+0.01230275630950927734375
-0.01773107051849365234375
-0.05700242519378662109375
-0.08601009845733642578125
-0.0898559093475341796875
-0.07153713703155517578125
-0.03403294086456298828125
+0.0118257999420166015625
+0.041123867034912109375
+0.0469634532928466796875
+0.02974259853363037109375
-0.00868642330169677734375
-0.05641841888427734375
-0.090008258819580078125
-0.0933010578155517578125
-0.07196819782257080078125
-0.0306785106658935546875
+0.01334321498870849609375
+0.04167187213897705078125
+0.050801753997802734375
+0.03776490688323974609375
+0.00105381011962890625
-0.04540002346038818359375
-0.0727546215057373046875
-0.07527744770050048828125
-0.066722393035888671875
-0.0509150028228759765625
-0.02854001522064208984375
+0.00090801715850830078125
+0.0266888141632080078125
+0.0351502895355224609375
+0.02009868621826171875
-0.01145839691162109375
-0.03725147247314453125
-0.04782962799072265625
-0.0429832935333251953125
-0.02372264862060546875
+0.01067912578582763671875
+0.0502784252166748046875
+0.067943096160888671875
+0.05413341522216796875
+0.01879584789276123046875
-0.01616179943084716796875
-0.03370368480682373046875
-0.0361373424530029296875
-0.03008401393890380859375
-0.02095448970794677734375
+0.00059854984283447265625
+0.0370123386383056640625
+0.06954801082611083984375
+0.08203887939453125
+0.069929599761962890625
+0.04707634449005126953125
+0.0207767486572265625
-0.00669515132904052734375
-0.02662932872772216796875
-0.03182888031005859375
-0.01893818378448486328125
-0.0010890960693359375
+0.01193606853485107421875
+0.0166065692901611328125
+0.01236927509307861328125
+0.0000398159027099609375
-0.02448093891143798828125
-0.05062103271484375
-0.065380096435546875
-0.0605220794677734375
-0.03871476650238037109375
-0.0119225978851318359375
+0.01360607147216796875
+0.02868235111236572265625
+0.02880918979644775390625
+0.01287257671356201171875
-0.0154488086700439453125
-0.04595279693603515625
-0.0723903179168701171875
-0.08651077747344970703125
-0.08899366855621337890625
-0.08232581615447998046875
-0.0672986507415771484375
-0.05000936985015869140625
-0.0318882465362548828125
-0.0173871517181396484375
-0.0071742534637451171875
-0.0043647289276123046875
-0.01306879520416259765625
-0.02703857421875
-0.04246580600738525390625
-0.0527741909027099609375
-0.05993354320526123046875
-0.06941521167755126953125
-0.08072197437286376953125
-0.0902359485626220703125
-0.0887806415557861328125
-0.0789601802825927734375
-0.06163346767425537109375
-0.0365517139434814453125
-0.0085937976837158203125
+0.015567779541015625
+0.024688720703125
+0.0178396701812744140625
-0.00427973270416259765625
-0.03461611270904541015625
-0.06394827365875244140625
-0.0883715152740478515625
-0.10293114185333251953125
-0.1083991527557373046875
-0.10096371173858642578125
-0.0780203342437744140625
-0.047486782073974609375
-0.02095854282379150390625
-0.01095104217529296875
-0.0150463581085205078125
-0.03069913387298583984375
-0.05506122112274169921875
-0.0809113979339599609375
-0.1032736301422119140625
-0.112668514251708984375
-0.1081302165985107421875
-0.090967655181884765625
-0.0718071460723876953125
-0.06502902507781982421875
-0.0708138942718505859375
-0.08128392696380615234375
-0.08491802215576171875
-0.08593952655792236328125
-0.08976328372955322265625
-0.088504314422607421875
-0.0762679576873779296875
-0.05436766147613525390625
-0.03621280193328857421875
-0.027414798736572265625
-0.029955387115478515625
-0.0460910797119140625
-0.06912100315093994140625
-0.09431350231170654296875
-0.11496174335479736328125
-0.129766941070556640625
-0.13148748874664306640625
-0.1106836795806884765625
-0.07463729381561279296875
-0.035442829132080078125
-0.0079915523529052734375
+0.00320947170257568359375
-0.00268208980560302734375
-0.02392756938934326171875
-0.05161190032958984375
-0.081393718719482421875
-0.1038305759429931640625
-0.11171245574951171875
-0.10025691986083984375
-0.0707194805145263671875
-0.039585113525390625
-0.01649367809295654296875
-0.0069427490234375
-0.00775420665740966796875
-0.02106571197509765625
-0.0499107837677001953125
-0.08003389835357666015625
-0.0986156463623046875
-0.0978906154632568359375
-0.0817563533782958984375
-0.056441783905029296875
-0.0275609493255615234375
-0.00463998317718505859375
+0.01340043544769287109375
+0.0208404064178466796875
+0.00924587249755859375
-0.020367145538330078125
-0.05382406711578369140625
-0.07117497920989990234375
-0.070850372314453125
-0.05720126628875732421875
-0.03770768642425537109375
-0.0167734622955322265625
+0.00647652149200439453125
+0.0236985683441162109375
+0.027709484100341796875
+0.01171529293060302734375
-0.01366031169891357421875
-0.03060638904571533203125
-0.035882472991943359375
-0.0315434932708740234375
-0.0256149768829345703125
-0.01518213748931884765625
+0.00125789642333984375
+0.0177943706512451171875
+0.0248339176177978515625
+0.0126912593841552734375
-0.00746822357177734375
-0.02384889125823974609375
-0.03177726268768310546875
-0.03462612628936767578125
-0.03482139110565185546875
-0.025241851806640625
-0.01010930538177490234375
+0.004144191741943359375
+0.01171267032623291015625
+0.010282993316650390625
+0.00403988361358642578125
-0.00360906124114990234375
-0.00447642803192138671875
-0.004498004913330078125
-0.01040935516357421875
-0.01746976375579833984375
-0.01794755458831787109375
-0.00823497772216796875
-0.00072538852691650390625
+0.001513957977294921875
+0.00360190868377685546875
+0.0107676982879638671875
+0.02461779117584228515625
